geo_level,geo_code,geoid,name,total,Any tertiary,Any tertiary-Female,Any tertiary-Male,Grade 10/11,Grade 10/11-Female,Grade 10/11-Male,Grade 9,Grade 9-Female,Grade 9-Male,Less than Grade9,Less than Grade9-Female,Less than Grade9-Male,Matric/matric equivalent,Matric/matric equivalent-Female,Matric/matric equivalent-Male
country,ZA,country-ZA,South Africa,4993756,314423,180307,134116,1525186,760474,764712,333652,148943,184709,666474,286031,380443,2154021,1157266,996755
municipality,WC044,municipality-WC044,George,16220,652,376,276,4602,2417,2185,1377,634,743,3016,1344,1672,6573,3526,3047
municipality,WC047,municipality-WC047,Bitou,4122,126,66,60,1336,732,604,430,180,250,676,263,413,1554,866,688
municipality,WC048,municipality-WC048,Knysna,5491,182,120,62,1655,915,740,584,278,306,1037,417,620,2033,1074,959
municipality,WC051,municipality-WC051,Laingsburg,564,25,13,12,139,77,62,84,34,50,160,66,94,156,84,72
municipality,WC052,municipality-WC052,Prince Albert,1087,23,15,8,227,126,101,142,69,73,389,194,195,306,146,160
municipality,WC053,municipality-WC053,Beaufort West,3824,101,54,47,1023,567,456,355,166,189,798,349,449,1547,829,718
municipality,MP303,municipality-MP303,Mkhondo,14268,277,143,134,4260,2209,2051,969,486,483,2455,1211,1244,6307,3368,2939
municipality,MP311,municipality-MP311,Victor Khanye,7063,262,122,140,2251,1061,1190,498,220,278,1216,510,706,2836,1412,1424
municipality,MP322,municipality-MP322,Mbombela,63033,3112,1904,1208,17853,8778,9075,3525,1551,1974,8046,3532,4514,30497,16811,13686
municipality,NW373,municipality-NW373,Rustenburg,55382,2452,1357,1095,15859,7358,8501,3638,1617,2021,8246,3403,4843,25187,12436,12751
municipality,NW384,municipality-NW384,Ditsobotla,14997,443,257,186,4307,2113,2194,1515,721,794,4479,2130,2349,4253,2246,2007
municipality,NW396,municipality-NW396,Lekwa-Teemane,4746,103,59,44,1478,727,751,476,228,248,1272,550,722,1417,719,698
municipality,NC062,municipality-NC062,Nama Khoi,3454,149,102,47,840,399,441,488,214,274,591,207,384,1386,804,582
municipality,NC071,municipality-NC071,Ubuntu,1505,26,14,12,394,197,197,152,75,77,493,243,250,440,212,228
municipality,NC077,municipality-NC077,Siyathemba,1625,25,15,10,492,252,240,226,110,116,411,187,224,471,265,206
municipality,NC085,municipality-NC085,Tsantsabane,3472,114,62,52,1014,475,539,294,128,166,682,287,395,1368,656,712
municipality,NC094,municipality-NC094,Phokwane,5320,156,96,60,1668,866,802,480,220,260,1146,594,552,1870,949,921
municipality,WC012,municipality-WC012,Cederberg,4195,84,34,50,1206,605,601,680,329,351,1007,476,531,1218,654,564
municipality,WC024,municipality-WC024,Stellenbosch,18859,2439,1343,1096,4002,2132,1870,1503,664,839,2319,902,1417,8596,4422,4174
municipality,WC033,municipality-WC033,Cape Agulhas,2645,85,53,32,708,357,351,361,180,181,712,315,397,779,419,360
municipality,WC045,municipality-WC045,Oudtshoorn,7529,140,87,53,1899,977,922,697,329,368,1892,857,1035,2901,1624,1277
municipality,EC102,municipality-EC102,Blue Crane Route,2748,65,38,27,770,383,387,249,123,126,795,375,420,869,456,413
municipality,EC103,municipality-EC103,Ikwezi,794,14,8,6,242,138,104,65,45,20,265,118,147,208,99,109
municipality,EC104,municipality-EC104,Makana,7303,855,518,337,2201,1122,1079,522,252,270,1016,417,599,2709,1479,1230
municipality,EC106,municipality-EC106,Sundays River Valley,4982,77,48,29,1815,875,940,540,232,308,1514,625,889,1036,510,526
municipality,EC107,municipality-EC107,Baviaans,1338,18,6,12,358,197,161,183,85,98,457,233,224,322,147,175
municipality,EC108,municipality-EC108,Kouga,8284,244,137,107,2574,1341,1233,828,412,416,2169,969,1200,2469,1320,1149
municipality,EC109,municipality-EC109,Kou-Kamma,3638,52,35,17,1136,516,620,498,239,259,1107,497,610,845,432,413
municipality,EC121,municipality-EC121,Mbhashe,19201,404,270,134,7608,4193,3415,1933,991,942,5307,2178,3129,3949,2338,1611
municipality,EC123,municipality-EC123,Great Kei,3145,50,31,19,1331,647,684,319,118,201,664,221,443,781,420,361
municipality,EC124,municipality-EC124,Amahlathi,9376,176,115,61,3780,1832,1948,1050,438,612,2154,797,1357,2216,1208,1008
municipality,EC126,municipality-EC126,Ngqushwa,4930,102,66,36,2050,984,1066,431,146,285,833,279,554,1514,847,667
municipality,EC127,municipality-EC127,Nkonkobe,9312,347,208,139,3585,1731,1854,811,345,466,1629,592,1037,2940,1607,1333
municipality,EC131,municipality-EC131,Inxuba Yethemba,5299,219,136,83,1384,670,714,539,274,265,1621,735,886,1536,782,754
municipality,EC132,municipality-EC132,Tsolwana,2746,48,26,22,1081,568,513,250,138,112,708,280,428,659,354,305
municipality,EC133,municipality-EC133,Inkwanca,2038,40,26,14,636,321,315,226,95,131,615,284,331,521,277,244
municipality,EC134,municipality-EC134,Lukanji,16920,848,501,347,6014,2972,3042,1371,597,774,2510,1032,1478,6177,3383,2794
municipality,EC136,municipality-EC136,Emalahleni,8692,114,63,51,3372,1721,1651,957,423,534,2208,800,1408,2041,1168,873
municipality,EC137,municipality-EC137,Engcobo,10852,235,143,92,4131,2452,1679,1249,734,515,3340,1401,1939,1897,1169,728
municipality,EC138,municipality-EC138,Sakhisizwe,5153,115,69,46,1929,978,951,540,226,314,1277,463,814,1292,712,580
municipality,EC141,municipality-EC141,Elundini,11429,224,133,91,4194,2143,2051,1358,594,764,3095,1182,1913,2558,1383,1175
municipality,EC142,municipality-EC142,Senqu,11753,192,114,78,4775,2518,2257,1312,657,655,2692,1183,1509,2782,1575,1207
municipality,EC143,municipality-EC143,Maletswai,3963,166,91,75,1266,687,579,357,172,185,968,464,504,1206,661,545
municipality,EC153,municipality-EC153,Ngquza Hill,22287,363,237,126,8608,4593,4015,2314,1216,1098,6357,2651,3706,4645,2573,2072
municipality,EC154,municipality-EC154,Port St Johns,12433,134,92,42,4638,2531,2107,1272,633,639,3490,1562,1928,2899,1680,1219
municipality,EC155,municipality-EC155,Nyandeni,24858,435,277,158,9439,5063,4376,2550,1252,1298,6206,2542,3664,6228,3508,2720
municipality,EC156,municipality-EC156,Mhlontlo,15709,254,157,97,6573,3449,3124,1896,890,1006,3595,1347,2248,3391,1905,1486
municipality,EC441,municipality-EC441,Matatiele,16432,324,190,134,6459,3392,3067,2048,1000,1048,4026,1674,2352,3575,2067,1508
municipality,EC442,municipality-EC442,Umzimvubu,15718,396,239,157,6420,3400,3020,1824,908,916,3405,1376,2029,3673,2151,1522
municipality,EC443,municipality-EC443,Mbizana,22147,371,242,129,8756,4844,3912,2389,1284,1105,5589,2615,2974,5042,2864,2178
municipality,EC444,municipality-EC444,Ntabankulu,10361,126,76,50,3990,2212,1778,1295,693,602,3315,1346,1969,1635,928,707
municipality,FS161,municipality-FS161,Letsemeng,3229,63,38,25,910,458,452,325,159,166,948,471,477,983,477,506
municipality,FS162,municipality-FS162,Kopanong,4065,78,50,28,1198,580,618,461,220,241,1113,545,568,1215,679,536
municipality,FS163,municipality-FS163,Mohokare,3194,56,27,29,1011,503,508,439,215,224,910,458,452,778,410,368
municipality,FS181,municipality-FS181,Masilonyana,5266,111,63,48,1658,875,783,546,263,283,1111,516,595,1840,989,851
municipality,FS182,municipality-FS182,Tokologo,2491,54,29,25,614,317,297,315,129,186,858,431,427,650,354,296
municipality,FS183,municipality-FS183,Tswelopele,4495,72,34,38,1374,750,624,543,241,302,1079,486,593,1427,761,666
municipality,FS184,municipality-FS184,Matjhabeng,39092,2270,1326,944,12545,6408,6137,3039,1356,1683,4896,2073,2823,16342,8767,7575
municipality,FS185,municipality-FS185,Nala,7378,158,96,62,2522,1383,1139,780,405,375,1435,644,791,2483,1341,1142
municipality,FS192,municipality-FS192,Dihlabeng,11187,593,356,237,3532,1877,1655,981,499,482,1744,831,913,4337,2268,2069
municipality,FS193,municipality-FS193,Nketoana,5540,161,90,71,1943,987,956,644,322,322,1040,508,532,1752,942,810
municipality,FS194,municipality-FS194,Maluti a Phofung,33411,1806,1035,771,11953,5997,5956,1972,898,1074,3180,1377,1803,14500,8327,6173
municipality,FS195,municipality-FS195,Phumelela,4365,127,85,42,1526,789,737,369,181,188,883,393,490,1460,781,679
municipality,FS201,municipality-FS201,Moqhaka,13066,602,353,249,4053,2064,1989,972,454,518,1836,843,993,5603,2882,2721
municipality,FS203,municipality-FS203,Ngwathe,10463,300,200,100,3434,1710,1724,857,381,476,1759,859,900,4113,2207,1906
municipality,FS204,municipality-FS204,Metsimaholo,14275,1185,650,535,4614,2242,2372,964,417,547,1699,721,978,5813,2982,2831
municipality,FS205,municipality-FS205,Mafube,5179,110,63,47,1674,830,844,444,204,240,808,340,468,2143,1170,973
municipality,GT421,municipality-GT421,Emfuleni,75048,7200,3923,3277,21055,9986,11069,2758,1103,1655,5241,2054,3187,38794,20495,18299
municipality,GT423,municipality-GT423,Lesedi,8904,416,209,207,3106,1493,1613,645,255,390,1063,432,631,3674,1991,1683
municipality,GT481,municipality-GT481,Mogale City,34785,2711,1581,1130,9616,4488,5128,1954,853,1101,4352,1820,2532,16152,8202,7950
municipality,GT482,municipality-GT482,Randfontein,14026,895,506,389,4194,1927,2267,861,351,510,1544,643,901,6532,3459,3073
municipality,GT483,municipality-GT483,Westonaria,11855,364,211,153,3758,1763,1995,1000,433,567,2001,837,1164,4732,2345,2387
municipality,KZN211,municipality-KZN211,Vulamehlo,6697,85,46,39,2270,1093,1177,347,153,194,1075,508,567,2920,1648,1272
municipality,KZN212,municipality-KZN212,Umdoni,7386,250,139,111,2007,1055,952,502,229,273,1178,547,631,3449,1796,1653
municipality,KZN213,municipality-KZN213,Umzumbe,13722,256,164,92,4954,2495,2459,969,449,520,2080,880,1200,5463,2936,2527
municipality,KZN214,municipality-KZN214,UMuziwabantu,8080,163,95,68,2928,1559,1369,657,338,319,1982,921,1061,2350,1308,1042
municipality,KZN215,municipality-KZN215,Ezingoleni,4333,71,52,19,1722,847,875,440,200,240,814,363,451,1286,765,521
municipality,KZN221,municipality-KZN221,uMshwathi,10054,176,96,80,3237,1601,1636,744,380,364,1971,979,992,3926,2082,1844
municipality,KZN222,municipality-KZN222,uMngeni,8223,441,261,180,2063,1047,1016,578,297,281,1355,570,785,3786,1917,1869
municipality,KZN223,municipality-KZN223,Mpofana,3751,72,48,24,1230,604,626,244,128,116,632,304,328,1573,791,782
municipality,KZN224,municipality-KZN224,Impendle,2844,51,35,16,932,444,488,161,82,79,329,129,200,1371,743,628
municipality,KZN225,municipality-KZN225,The Msunduzi,63327,4914,2850,2064,15835,7674,8161,2868,1293,1575,5981,2649,3332,33729,17957,15772
municipality,KZN226,municipality-KZN226,Mkhambathini,6164,140,79,61,1915,979,936,495,212,283,1229,566,663,2385,1253,1132
municipality,KZN232,municipality-KZN232,Emnambithi/Ladysmith,21471,832,510,322,6508,3479,3029,1240,587,653,2373,1100,1273,10518,5672,4846
municipality,KZN233,municipality-KZN233,Indaka,8427,93,57,36,2957,1665,1292,638,319,319,1472,745,727,3267,2015,1252
municipality,KZN234,municipality-KZN234,Umtshezi,7383,241,146,95,2252,1102,1150,459,228,231,1157,621,536,3274,1695,1579
municipality,KZN235,municipality-KZN235,Okhahlamba,10780,156,98,58,3782,1991,1791,642,356,286,1466,674,792,4734,2711,2023
municipality,KZN236,municipality-KZN236,Imbabazane,10231,185,95,90,3278,1609,1669,555,288,267,1311,661,650,4902,2618,2284
municipality,KZN242,municipality-KZN242,Nqutu,13765,239,144,95,5166,2849,2317,1019,463,556,2257,1061,1196,5084,3197,1887
municipality,KZN244,municipality-KZN244,Msinga,12901,200,124,76,3812,2137,1675,744,390,354,3186,1997,1189,4959,3089,1870
municipality,KZN245,municipality-KZN245,Umvoti,8881,164,103,61,2676,1439,1237,618,286,332,1812,961,851,3611,2176,1435
municipality,KZN252,municipality-KZN252,Newcastle,35235,2099,1123,976,10208,4946,5262,1567,699,868,2712,1226,1486,18649,9919,8730
municipality,KZN254,municipality-KZN254,Dannhauser,9159,196,121,75,3371,1662,1709,684,303,381,1032,441,591,3876,2105,1771
municipality,KZN261,municipality-KZN261,eDumbe,7364,117,81,36,2693,1415,1278,561,288,273,1193,541,652,2800,1572,1228
municipality,KZN262,municipality-KZN262,UPhongolo,12480,201,115,86,4042,2104,1938,793,405,388,2276,1108,1168,5168,2852,2316
municipality,KZN263,municipality-KZN263,Abaqulusi,18456,414,258,156,6197,3149,3048,1188,528,660,2565,1159,1406,8092,4439,3653
municipality,KZN265,municipality-KZN265,Nongoma,17577,399,243,156,5226,2684,2542,912,432,480,2326,1139,1187,8714,5339,3375
municipality,KZN266,municipality-KZN266,Ulundi,16626,420,264,156,4561,2302,2259,769,315,454,2226,1042,1184,8650,5218,3432
municipality,KZN272,municipality-KZN272,Jozini,17391,234,139,95,5912,3162,2750,1018,533,485,2967,1550,1417,7260,4073,3187
municipality,KZN273,municipality-KZN273,The Big 5 False Bay,3267,57,34,23,992,517,475,249,129,120,663,340,323,1306,768,538
municipality,KZN274,municipality-KZN274,Hlabisa,6492,84,53,31,2250,1151,1099,393,167,226,832,410,422,2933,1794,1139
municipality,KZN275,municipality-KZN275,Mtubatuba,16241,297,188,109,5099,2643,2456,874,402,472,2395,1167,1228,7576,4316,3260
municipality,KZN281,municipality-KZN281,Mfolozi,12320,177,100,77,4256,2202,2054,681,291,390,1376,639,737,5830,3190,2640
municipality,KZN283,municipality-KZN283,Ntambanana,6839,67,43,24,2424,1295,1129,421,209,212,1043,520,523,2884,1594,1290
municipality,KZN284,municipality-KZN284,uMlalazi,19298,350,228,122,6558,3348,3210,1186,557,629,3168,1517,1651,8036,4642,3394
municipality,KZN285,municipality-KZN285,Mthonjaneni,4326,76,43,33,1402,781,621,270,125,145,889,411,478,1689,977,712
municipality,KZN286,municipality-KZN286,Nkandla,9329,116,70,46,3112,1601,1511,442,186,256,1382,653,729,4277,2664,1613
municipality,KZN291,municipality-KZN291,Mandeni,14041,322,190,132,4537,2330,2207,877,390,487,1785,783,1002,6520,3506,3014
municipality,KZN293,municipality-KZN293,Ndwedwe,12214,188,117,71,3912,1928,1984,761,354,407,2014,909,1105,5339,3001,2338
municipality,KZN294,municipality-KZN294,Maphumulo,7702,128,90,38,2396,1304,1092,429,208,221,1184,612,572,3565,2172,1393
municipality,KZN431,municipality-KZN431,Ingwe,8680,121,69,52,3308,1723,1585,747,360,387,1459,668,791,3045,1732,1313
municipality,KZN432,municipality-KZN432,Kwa Sani,1293,23,13,10,394,182,212,108,47,61,321,105,216,447,235,212
municipality,KZN434,municipality-KZN434,Ubuhlebezwe,8841,154,100,54,2978,1519,1459,658,329,329,1594,702,892,3457,1870,1587
municipality,KZN435,municipality-KZN435,Umzimkhulu,15340,354,230,124,5941,3404,2537,1525,843,682,3375,1583,1792,4145,2482,1663
municipality,LIM331,municipality-LIM331,Greater Giyani,24995,645,421,224,9783,5208,4575,2319,1052,1267,3831,1826,2005,8417,4873,3544
municipality,LIM332,municipality-LIM332,Greater Letaba,21511,616,364,252,9200,4553,4647,1871,760,1111,2998,1247,1751,6826,3934,2892
municipality,LIM333,municipality-LIM333,Greater Tzaneen,39400,1249,763,486,15264,7554,7710,3554,1538,2016,6170,2552,3618,13163,7419,5744
municipality,LIM335,municipality-LIM335,Maruleng,9265,266,158,108,4091,2133,1958,931,389,542,1392,619,773,2585,1470,1115
municipality,LIM341,municipality-LIM341,Musina,7863,220,122,98,3083,1676,1407,845,458,387,1765,878,887,1950,1001,949
municipality,LIM342,municipality-LIM342,Mutale,8308,356,194,162,3399,1767,1632,920,434,486,1174,562,612,2459,1363,1096
municipality,LIM343,municipality-LIM343,Thulamela,61736,4419,2503,1916,23000,11558,11442,4674,2097,2577,7219,3331,3888,22424,12243,10181
municipality,LIM344,municipality-LIM344,Makhado,47303,2240,1277,963,19309,9767,9542,4372,1935,2437,5939,2569,3370,15443,8644,6799
municipality,LIM351,municipality-LIM351,Blouberg,14650,256,164,92,6563,3375,3188,1628,752,876,2323,1094,1229,3880,2287,1593
municipality,LIM353,municipality-LIM353,Molemole,9585,373,238,135,4128,2014,2114,876,337,539,1178,491,687,3030,1761,1269
municipality,LIM354,municipality-LIM354,Polokwane,67292,6170,3532,2638,21171,10205,10966,3941,1529,2412,5309,1994,3315,30701,17080,13621
municipality,LIM355,municipality-LIM355,Lepele-Nkumpi,19784,1041,627,414,7805,3838,3967,1719,691,1028,2051,868,1183,7168,4212,2956
municipality,LIM361,municipality-LIM361,Thabazimbi,8583,293,154,139,2794,1239,1555,706,306,400,1826,756,1070,2964,1417,1547
municipality,LIM362,municipality-LIM362,Lephalale,12910,986,474,512,4789,2198,2591,943,398,545,1817,733,1084,4375,2155,2220
municipality,LIM365,municipality-LIM365,Modimolle,6723,232,129,103,2153,1044,1109,584,277,307,1762,865,897,1992,1083,909
municipality,LIM366,municipality-LIM366,Bela-Bela,6371,245,139,106,2266,1111,1155,507,234,273,1273,563,710,2080,1073,1007
municipality,BUF,municipality-BUF,Buffalo City,68983,4781,2958,1823,24021,11893,12128,4262,1747,2515,7360,2827,4533,28559,15834,12725
municipality,EC101,municipality-EC101,Camdeboo,3789,138,90,48,1148,574,574,394,175,219,949,430,519,1160,604,556
municipality,EC105,municipality-EC105,Ndlambe,4668,123,75,48,1562,796,766,434,202,232,1247,501,746,1302,703,599
municipality,EC122,municipality-EC122,Mnquma,18134,709,438,271,7233,3762,3471,1909,830,1079,3320,1155,2165,4963,2922,2041
municipality,EC128,municipality-EC128,Nxuba,1788,47,24,23,709,334,375,236,121,115,408,174,234,388,215,173
municipality,EC135,municipality-EC135,Intsika Yethu,9659,195,119,76,3891,2000,1891,1138,518,620,2307,736,1571,2128,1203,925
municipality,EC144,municipality-EC144,Gariep,2763,44,19,25,881,409,472,307,142,165,950,435,515,581,304,277
municipality,EC157,municipality-EC157,King Sabata Dalindyebo,41875,1975,1241,734,15821,8807,7014,4134,2113,2021,8537,3622,4915,11408,6507,4901
municipality,NMA,municipality-NMA,Nelson Mandela Bay,108258,7540,4353,3187,34731,16916,17815,6689,2940,3749,12260,5086,7174,47038,25253,21785
municipality,FS164,municipality-FS164,Naledi,2215,37,24,13,746,411,335,308,152,156,478,253,225,646,319,327
municipality,FS191,municipality-FS191,Setsoto,10234,283,170,113,3704,1986,1718,1005,473,532,1774,891,883,3468,1883,1585
municipality,FS196,municipality-FS196,Mantsopa,4594,109,44,65,1460,761,699,512,258,254,882,452,430,1631,864,767
municipality,MAN,municipality-MAN,Mangaung,77345,7194,4102,3092,19825,9917,9908,4762,2164,2598,7979,3489,4490,37585,20068,17517
municipality,EKU,municipality-EKU,Ekurhuleni,329762,26626,14942,11684,93977,44520,49457,14521,6017,8504,29939,12018,17921,164699,84742,79957
municipality,GT422,municipality-GT422,Midvaal,8247,653,389,264,2528,1154,1374,510,190,320,1122,465,657,3434,1728,1706
municipality,GT484,municipality-GT484,Merafong City,18596,612,324,288,6241,3137,3104,1420,622,798,3034,1323,1711,7289,3773,3516
municipality,JHB,municipality-JHB,City of Johannesburg,464962,49238,27664,21574,119726,57944,61782,18577,7614,10963,39656,15754,23902,237765,124533,113232
municipality,TSH,municipality-TSH,City of Tshwane,307097,39929,22863,17066,70880,32768,38112,11635,4569,7066,23234,9402,13832,161419,85433,75986
municipality,ETH,municipality-ETH,eThekwini,377714,27443,15797,11646,94094,44989,49105,16279,7234,9045,32464,13922,18542,207434,108212,99222
municipality,KZN216,municipality-KZN216,Hibiscus Coast,23769,1198,697,501,7359,3782,3577,1541,738,803,3604,1571,2033,10067,5389,4678
municipality,KZN227,municipality-KZN227,Richmond,6041,129,63,66,1934,1028,906,399,195,204,1121,487,634,2458,1226,1232
municipality,KZN241,municipality-KZN241,Endumeni,5886,226,134,92,1698,818,880,331,159,172,817,348,469,2814,1484,1330
municipality,KZN253,municipality-KZN253,Emadlangeni,2821,43,21,22,953,466,487,272,110,162,566,229,337,987,520,467
municipality,KZN271,municipality-KZN271,Umhlabuyalingana,13823,196,129,67,4659,2430,2229,883,409,474,2409,1283,1126,5676,3233,2443
municipality,KZN282,municipality-KZN282,uMhlathuze,35578,2597,1522,1075,8732,4499,4233,1343,631,712,3032,1488,1544,19874,10692,9182
municipality,KZN292,municipality-KZN292,KwaDukuza,24063,887,501,386,6791,3363,3428,1847,877,970,4721,2245,2476,9817,5118,4699
municipality,KZN433,municipality-KZN433,Greater Kokstad,6840,287,167,120,2034,1048,986,593,293,300,1315,604,711,2611,1464,1147
municipality,LIM334,municipality-LIM334,Ba-Phalaborwa,15453,900,521,379,5720,2790,2930,1398,655,743,2445,1207,1238,4990,2639,2351
municipality,LIM352,municipality-LIM352,Aganang,10462,399,257,142,4329,2084,2245,794,320,474,752,321,431,4188,2494,1694
municipality,LIM364,municipality-LIM364,Mookgopong,3741,81,57,24,1304,563,741,344,140,204,936,423,513,1076,570,506
municipality,LIM367,municipality-LIM367,Mogalakwena,28206,1048,658,390,11952,6214,5738,2464,1068,1396,3210,1413,1797,9532,5361,4171
municipality,LIM471,municipality-LIM471,Ephraim Mogale,11491,253,144,109,4509,2302,2207,1177,534,643,2328,975,1353,3224,1888,1336
municipality,LIM472,municipality-LIM472,Elias Motsoaledi,23358,839,526,313,9742,4892,4850,2256,943,1313,3187,1337,1850,7334,4244,3090
municipality,LIM473,municipality-LIM473,Makhuduthamaga,23068,574,367,207,10617,5576,5041,2232,939,1293,2463,1019,1444,7182,4406,2776
municipality,LIM474,municipality-LIM474,Fetakgomo,8236,233,156,77,3721,1889,1832,674,294,380,827,339,488,2781,1662,1119
municipality,LIM475,municipality-LIM475,Greater Tubatse,34511,1376,791,585,15851,8310,7541,3183,1453,1730,3681,1604,2077,10420,5779,4641
municipality,MP301,municipality-MP301,Albert Luthuli,17738,423,236,187,5778,2963,2815,1036,472,564,1957,937,1020,8544,4771,3773
municipality,MP302,municipality-MP302,Msukaligwa,14538,600,353,247,4414,2264,2150,837,405,432,1819,816,1003,6868,3545,3323
municipality,MP304,municipality-MP304,Pixley Ka Seme,7202,228,121,107,2301,1195,1106,479,235,244,1111,525,586,3083,1655,1428
municipality,MP305,municipality-MP305,Lekwa,10565,506,285,221,3479,1642,1837,687,306,381,1490,644,846,4403,2226,2177
municipality,MP306,municipality-MP306,Dipaleseng,4021,101,51,50,1363,664,699,280,127,153,714,344,370,1563,784,779
municipality,MP307,municipality-MP307,Govan Mbeki,30583,1571,806,765,9215,4374,4841,1762,702,1060,3661,1528,2133,14374,6881,7493
municipality,MP312,municipality-MP312,Emalahleni,42651,3131,1703,1428,12896,5840,7056,2364,962,1402,4578,1736,2842,19682,9710,9972
municipality,MP313,municipality-MP313,Steve Tshwete,22618,1524,828,696,5882,2697,3185,1162,443,719,2267,857,1410,11783,5829,5954
municipality,MP314,municipality-MP314,Emakhazeni,4400,117,67,50,1357,696,661,365,165,200,677,258,419,1884,972,912
municipality,MP315,municipality-MP315,Thembisile,30287,869,465,404,10191,4981,5210,2351,988,1363,4150,1584,2566,12726,7321,5405
municipality,MP316,municipality-MP316,Dr JS Moroka,23102,826,503,323,7768,3689,4079,1815,739,1076,3164,1210,1954,9529,5523,4006
municipality,MP321,municipality-MP321,Thaba Chweu,9005,394,222,172,2624,1254,1370,563,198,365,1334,507,827,4090,2103,1987
municipality,MP323,municipality-MP323,Umjindi,6114,209,122,87,1920,938,982,407,191,216,896,434,462,2682,1391,1291
municipality,MP324,municipality-MP324,Nkomazi,41664,1168,702,466,12590,6444,6146,2643,1207,1436,8559,4206,4353,16704,9348,7356
municipality,MP325,municipality-MP325,Bushbuckridge,54776,1526,946,580,19981,10023,9958,3380,1561,1819,6425,3080,3345,23464,13455,10009
municipality,NW371,municipality-NW371,Moretele,16492,588,316,272,5356,2506,2850,1124,485,639,2035,855,1180,7389,4151,3238
municipality,NW372,municipality-NW372,Madibeng,49485,1921,1046,875,15400,7080,8320,3508,1470,2038,9004,3658,5346,19652,10204,9448
municipality,NW374,municipality-NW374,Kgetlengrivier,4709,125,77,48,1330,600,730,375,164,211,1477,662,815,1402,698,704
municipality,NW375,municipality-NW375,Moses Kotane,21207,662,399,263,6731,3300,3431,1271,548,723,2735,1171,1564,9808,5300,4508
municipality,NW381,municipality-NW381,Ratlou,8021,126,71,55,2611,1507,1104,811,427,384,2734,1322,1412,1739,1006,733
municipality,NW382,municipality-NW382,Tswaing,10829,184,108,76,3302,1741,1561,1238,611,627,3532,1749,1783,2573,1434,1139
municipality,NW383,municipality-NW383,Mafikeng,27131,1937,1126,811,7782,3915,3867,1839,820,1019,4179,1937,2242,11394,6292,5102
municipality,NW385,municipality-NW385,Ramotshere Moiloa,12091,373,224,149,3868,1979,1889,871,374,497,2705,1191,1514,4274,2376,1898
municipality,NW392,municipality-NW392,Naledi,5805,241,119,122,1532,815,717,535,267,268,1728,829,899,1769,937,832
municipality,NW393,municipality-NW393,Mamusa,5385,71,46,25,1744,912,832,530,291,239,1598,773,825,1442,777,665
municipality,NW394,municipality-NW394,Greater Taung,13710,279,155,124,4827,2614,2213,1472,730,742,3055,1461,1594,4077,2401,1676
municipality,NW397,municipality-NW397,Kagisano/Molopo,7710,117,78,39,2348,1304,1044,746,398,348,2486,1255,1231,2013,1190,823
municipality,NW401,municipality-NW401,Ventersdorp,5382,97,56,41,1880,974,906,554,255,299,1607,816,791,1244,671,573
municipality,NW402,municipality-NW402,Tlokwe City Council,18971,1975,1092,883,4363,2122,2241,965,441,524,2068,916,1152,9600,5086,4514
municipality,NW403,municipality-NW403,City of Matlosana,36463,1468,822,646,12026,6147,5879,3009,1436,1573,5860,2661,3199,14100,7396,6704
municipality,NW404,municipality-NW404,Maquassi Hills,7331,110,59,51,2168,1083,1085,775,405,370,2362,1131,1231,1916,1036,880
municipality,NC061,municipality-NC061,Richtersveld,842,36,26,10,194,94,100,119,52,67,195,70,125,298,172,126
municipality,NC064,municipality-NC064,Kamiesberg,653,18,13,5,137,76,61,122,55,67,195,79,116,181,101,80
municipality,NC065,municipality-NC065,Hantam,1554,53,35,18,338,175,163,193,95,98,437,192,245,533,281,252
municipality,NC066,municipality-NC066,Karoo Hoogland,708,20,9,11,139,79,60,133,75,58,214,111,103,202,100,102
municipality,NC067,municipality-NC067,Khâi-Ma,1228,39,25,14,395,187,208,174,86,88,301,127,174,319,156,163
municipality,NC072,municipality-NC072,Umsobomvu,2195,41,28,13,662,345,317,187,107,80,430,208,222,875,456,419
municipality,NC073,municipality-NC073,Emthanjeni,3224,89,54,35,857,435,422,298,155,143,646,316,330,1334,707,627
municipality,NC074,municipality-NC074,Kareeberg,833,14,5,9,270,148,122,124,67,57,197,85,112,228,121,107
municipality,NC075,municipality-NC075,Renosterberg,857,14,9,5,217,120,97,66,26,40,216,119,97,344,148,196
municipality,NC076,municipality-NC076,Thembelihle,1278,28,14,14,373,178,195,151,71,80,334,156,178,392,216,176
municipality,NC078,municipality-NC078,Siyancuma,2784,61,34,27,803,440,363,336,162,174,727,340,387,857,445,412
municipality,NC081,municipality-NC081,Mier,547,15,8,7,166,79,87,92,47,45,125,51,74,149,91,58
municipality,NC082,municipality-NC082,Kai !Garib,8042,95,58,37,2564,1123,1441,1043,455,588,2688,1176,1512,1652,839,813
municipality,NC083,municipality-NC083,//Khara Hais,7664,276,161,115,2305,1147,1158,805,371,434,1290,589,701,2988,1641,1347
municipality,NC084,municipality-NC084,!Kheis,1113,21,10,11,277,128,149,163,73,90,346,160,186,306,165,141
municipality,NC086,municipality-NC086,Kgatelopele,1623,57,26,31,486,241,245,99,60,39,237,119,118,744,383,361
municipality,NC091,municipality-NC091,Sol Plaatjie,21697,1082,633,449,6532,3255,3277,1393,570,823,2720,1220,1500,9970,5392,4578
municipality,NC092,municipality-NC092,Dikgatlong,3978,56,28,28,1232,644,588,333,167,166,835,383,452,1522,799,723
municipality,NC093,municipality-NC093,Magareng,2145,30,18,12,645,306,339,129,54,75,345,162,183,996,492,504
municipality,NC451,municipality-NC451,Joe Morolong,6814,146,98,48,2577,1469,1108,697,376,321,1501,764,737,1893,1098,795
municipality,NC452,municipality-NC452,Ga-Segonyana,8326,395,244,151,3026,1507,1519,629,279,350,1303,568,735,2973,1592,1381
municipality,NC453,municipality-NC453,Gamagara,4149,285,159,126,1357,570,787,266,131,135,669,324,345,1572,714,858
municipality,CPT,municipality-CPT,City of Cape Town,365624,32542,18693,13849,107361,55526,51835,29257,12180,17077,42125,15403,26722,154339,85213,69126
municipality,WC011,municipality-WC011,Matzikama,5627,157,100,57,1334,669,665,921,465,456,1777,776,1001,1438,773,665
municipality,WC013,municipality-WC013,Bergrivier,4744,112,67,45,1318,700,618,720,379,341,1165,529,636,1429,750,679
municipality,WC014,municipality-WC014,Saldanha Bay,9388,285,161,124,3183,1634,1549,1152,495,657,1546,573,973,3222,1810,1412
municipality,WC015,municipality-WC015,Swartland,9237,356,203,153,2461,1244,1217,1151,527,624,2164,905,1259,3105,1674,1431
municipality,WC022,municipality-WC022,Witzenberg,11540,289,170,119,3443,1662,1781,1645,700,945,2844,1131,1713,3319,1727,1592
municipality,WC023,municipality-WC023,Drakenstein,23025,1355,790,565,6268,3200,3068,2046,919,1127,3517,1429,2088,9839,5277,4562
municipality,WC025,municipality-WC025,Breede Valley,14337,579,359,220,4221,2257,1964,1681,807,874,2441,1112,1329,5415,2945,2470
municipality,WC026,municipality-WC026,Langeberg,8375,188,109,79,2322,1240,1082,1189,552,637,2221,1050,1171,2455,1302,1153
municipality,WC031,municipality-WC031,Theewaterskloof,9659,275,150,125,2791,1452,1339,1236,565,671,2358,853,1505,2999,1595,1404
municipality,WC032,municipality-WC032,Overstrand,6412,241,147,94,1989,1054,935,802,362,440,1344,499,845,2036,1133,903
municipality,WC034,municipality-WC034,Swellendam,2944,100,49,51,701,360,341,418,206,212,884,357,527,841,456,385
municipality,WC041,municipality-WC041,Kannaland,1958,22,7,15,480,237,243,265,127,138,612,273,339,579,308,271
municipality,WC042,municipality-WC042,Hessequa,3662,113,73,40,855,475,380,549,266,283,1048,439,609,1097,625,472
municipality,WC043,municipality-WC043,Mossel Bay,7188,283,166,117,2092,1122,970,606,250,356,1259,535,724,2948,1631,1317
