geo_level,geo_code,geoid,name,total,Income-poor,Income-poor-Black African,Income-poor-Black African-Female,Income-poor-Black African-Male,Income-poor-Coloured,Income-poor-Coloured-Female,Income-poor-Coloured-Male,Income-poor-Indian or Asian,Income-poor-Indian or Asian-Female,Income-poor-Indian or Asian-Male,Income-poor-Other,Income-poor-Other-Female,Income-poor-Other-Male,Income-poor-White,Income-poor-White-Female,Income-poor-White-Male,Non-poor,Non-poor-Black African,Non-poor-Black African-Female,Non-poor-Black African-Male,Non-poor-Coloured,Non-poor-Coloured-Female,Non-poor-Coloured-Male,Non-poor-Indian or Asian,Non-poor-Indian or Asian-Female,Non-poor-Indian or Asian-Male,Non-poor-Other,Non-poor-Other-Female,Non-poor-Other-Male,Non-poor-White,Non-poor-White-Female,Non-poor-White-Male
country,ZA,country-ZA,South Africa,8474230,5267334,4862644,2562638,2300006,339132,175944,163188,32814,15824,16990,11170,4620,6550,21574,10752,10822,3206896,2241435,1089915,1151520,400978,199731,201247,145818,70206,75612,22593,7714,14879,396072,197033,199039
municipality,WC044,municipality-WC044,George,28695,14857,5474,3000,2474,9116,4779,4337,50,29,21,54,20,34,163,105,58,13838,3028,1490,1538,7665,3836,3829,73,36,37,195,59,136,2877,1455,1422
municipality,WC047,municipality-WC047,Bitou,6379,3478,1953,1088,865,1299,686,613,19,12,7,173,74,99,34,10,24,2901,1208,546,662,1029,515,514,13,8,5,195,84,111,456,235,221
municipality,WC048,municipality-WC048,Knysna,9096,4975,2376,1306,1070,2491,1305,1186,26,14,12,23,11,12,59,19,40,4121,1271,643,628,2030,1003,1027,12,6,6,86,23,63,722,377,345
municipality,WC051,municipality-WC051,Laingsburg,1076,567,33,14,19,525,286,239,0,0,0,3,2,1,6,3,3,509,39,10,29,429,203,226,0,0,0,6,4,2,35,14,21
municipality,WC052,municipality-WC052,Prince Albert,2092,1445,28,16,12,1400,735,665,5,1,4,0,0,0,12,6,6,647,26,7,19,532,227,305,2,0,2,9,1,8,78,32,46
municipality,WC053,municipality-WC053,Beaufort West,7211,4612,758,434,324,3792,1957,1835,16,7,9,12,7,5,34,11,23,2599,399,190,209,1841,900,941,11,6,5,13,1,12,335,159,176
municipality,MP303,municipality-MP303,Mkhondo,26818,20925,20725,10950,9775,88,53,35,54,24,30,11,5,6,47,26,21,5893,5063,2491,2572,65,40,25,150,65,85,39,7,32,576,265,311
municipality,MP311,municipality-MP311,Victor Khanye,11843,6974,6739,3510,3229,68,43,25,11,4,7,18,2,16,138,71,67,4869,3494,1556,1938,74,37,37,38,18,20,16,6,10,1247,565,682
municipality,MP322,municipality-MP322,Mbombela,110709,69550,68803,36746,32057,445,251,194,77,13,64,46,19,27,179,108,71,41159,35099,17642,17457,701,374,327,489,243,246,81,29,52,4789,2415,2374
municipality,NW373,municipality-NW373,Rustenburg,77090,31329,30770,16267,14503,183,86,97,80,42,38,78,32,46,218,107,111,45761,39328,17955,21373,463,213,250,484,202,282,240,73,167,5246,2555,2691
municipality,NW384,municipality-NW384,Ditsobotla,27201,20020,19516,10375,9141,363,200,163,18,8,10,18,4,14,105,44,61,7181,5436,2359,3077,189,97,92,115,29,86,47,10,37,1394,681,713
municipality,NW396,municipality-NW396,Lekwa-Teemane,8700,6434,5852,3057,2795,483,245,238,4,0,4,8,5,3,87,35,52,2266,1571,697,874,222,100,122,27,6,21,26,6,20,420,235,185
municipality,NC062,municipality-NC062,Nama Khoi,6894,3555,62,21,41,3465,1772,1693,11,3,8,12,6,6,5,1,4,3339,124,48,76,2932,1443,1489,21,15,6,38,7,31,224,98,126
municipality,NC071,municipality-NC071,Ubuntu,2737,1859,391,214,177,1449,764,685,9,3,6,2,2,0,8,3,5,878,229,96,133,559,249,310,1,1,0,18,5,13,71,33,38
municipality,NC077,municipality-NC077,Siyathemba,3280,2173,417,238,179,1742,927,815,9,2,7,1,1,0,4,1,3,1107,210,85,125,729,333,396,10,2,8,16,2,14,142,72,70
municipality,NC085,municipality-NC085,Tsantsabane,5695,2552,1319,713,606,1200,576,624,7,1,6,11,3,8,15,12,3,3143,1622,701,921,1182,576,606,19,1,18,27,5,22,293,126,167
municipality,NC094,municipality-NC094,Phokwane,10241,7559,6754,3574,3180,744,404,340,14,6,8,20,7,13,27,14,13,2682,1837,847,990,434,220,214,25,1,24,28,7,21,358,177,181
municipality,WC012,municipality-WC012,Cederberg,7382,3344,354,193,161,2948,1569,1379,5,1,4,8,0,8,29,8,21,4038,544,237,307,3079,1459,1620,16,6,10,12,2,10,387,193,194
municipality,WC024,municipality-WC024,Stellenbosch,22905,8990,3594,1984,1610,5058,2622,2436,32,11,21,48,8,40,258,140,118,13915,3001,1428,1573,7966,3931,4035,42,23,19,100,26,74,2806,1421,1385
municipality,WC033,municipality-WC033,Cape Agulhas,4765,2062,263,152,111,1763,967,796,3,1,2,8,3,5,25,7,18,2703,360,164,196,1807,931,876,8,3,5,36,13,23,492,236,256
municipality,WC045,municipality-WC045,Oudtshoorn,15143,9986,780,397,383,9105,4672,4433,24,9,15,16,5,11,61,25,36,5157,489,259,230,3818,1867,1951,18,6,12,74,27,47,758,356,402
municipality,EC102,municipality-EC102,Blue Crane Route,5313,3758,2440,1281,1159,1277,678,599,6,3,3,21,13,8,14,7,7,1555,785,382,403,577,275,302,6,0,6,23,4,19,164,79,85
municipality,EC103,municipality-EC103,Ikwezi,1494,1121,456,234,222,650,382,268,3,0,3,3,0,3,9,4,5,373,137,58,79,171,65,106,0,0,0,10,0,10,55,31,24
municipality,EC104,municipality-EC104,Makana,11895,7284,6329,3332,2997,846,443,403,14,8,6,19,6,13,76,43,33,4611,3028,1470,1558,755,404,351,28,10,18,54,14,40,746,378,368
municipality,EC106,municipality-EC106,Sundays River Valley,8561,5781,4331,2209,2122,1394,713,681,8,3,5,35,9,26,13,8,5,2780,1917,755,1162,574,229,345,4,1,3,68,13,55,217,100,117
municipality,EC107,municipality-EC107,Baviaans,2656,1986,200,106,94,1765,897,868,1,1,0,11,3,8,9,5,4,670,77,36,41,543,232,311,4,3,1,9,0,9,37,16,21
municipality,EC108,municipality-EC108,Kouga,13834,8266,3633,1965,1668,4477,2308,2169,16,13,3,41,6,35,99,50,49,5568,1970,876,1094,2456,1211,1245,16,9,7,91,15,76,1035,508,527
municipality,EC109,municipality-EC109,Kou-Kamma,6257,3673,1115,582,533,2504,1329,1175,12,5,7,18,5,13,24,10,14,2584,933,358,575,1306,595,711,7,2,5,84,19,65,254,143,111
municipality,EC121,municipality-EC121,Mbhashe,47232,41899,41805,21168,20637,19,13,6,30,11,19,32,5,27,13,3,10,5333,5274,2564,2710,9,5,4,14,6,8,30,4,26,6,2,4
municipality,EC123,municipality-EC123,Great Kei,5951,4942,4895,2384,2511,38,16,22,1,1,0,0,0,0,8,2,6,1009,811,310,501,24,14,10,2,1,1,4,3,1,168,80,88
municipality,EC124,municipality-EC124,Amahlathi,20207,16943,16732,8196,8536,163,86,77,12,7,5,15,4,11,21,11,10,3264,3006,1385,1621,102,45,57,4,1,3,24,0,24,128,51,77
municipality,EC126,municipality-EC126,Ngqushwa,10656,9081,9049,4391,4658,12,7,5,10,7,3,6,1,5,4,2,2,1575,1556,713,843,1,1,0,5,0,5,8,0,8,5,2,3
municipality,EC127,municipality-EC127,Nkonkobe,18366,14909,14306,7038,7268,566,302,264,14,5,9,16,4,12,7,1,6,3457,3096,1441,1655,217,109,108,13,7,6,40,12,28,91,40,51
municipality,EC131,municipality-EC131,Inxuba Yethemba,9995,6506,4089,2179,1910,2319,1211,1108,8,3,5,44,22,22,46,22,24,3489,1538,685,853,1260,597,663,23,9,14,43,10,33,625,334,291
municipality,EC132,municipality-EC132,Tsolwana,5556,4574,4305,2231,2074,244,134,110,5,1,4,4,1,3,16,6,10,982,870,371,499,61,25,36,7,1,6,8,0,8,36,19,17
municipality,EC133,municipality-EC133,Inkwanca,3688,2927,2792,1463,1329,114,62,52,1,1,0,6,1,5,14,7,7,761,634,254,380,37,11,26,3,2,1,12,3,9,75,42,33
municipality,EC134,municipality-EC134,Lukanji,32355,22898,22213,11131,11082,596,297,299,22,7,15,46,13,33,21,9,12,9457,8218,4205,4013,600,291,309,98,47,51,85,22,63,456,219,237
municipality,EC136,municipality-EC136,Emalahleni,20012,17640,17532,8572,8960,73,34,39,10,3,7,17,3,14,8,1,7,2372,2267,989,1278,22,10,12,24,1,23,31,5,26,28,18,10
municipality,EC137,municipality-EC137,Engcobo,25470,22432,22372,11365,11007,22,8,14,14,6,8,12,5,7,12,5,7,3038,3003,1473,1530,1,1,0,9,1,8,22,3,19,3,2,1
municipality,EC138,municipality-EC138,Sakhisizwe,11153,9311,9244,4533,4711,49,31,18,2,2,0,10,1,9,6,3,3,1842,1753,815,938,25,11,14,14,2,12,12,1,11,38,21,17
municipality,EC141,municipality-EC141,Elundini,24271,20728,20557,10085,10472,135,67,68,8,0,8,16,6,10,12,3,9,3543,3328,1568,1760,91,45,46,11,0,11,35,5,30,78,36,42
municipality,EC142,municipality-EC142,Senqu,23981,20128,19896,10363,9533,186,91,95,13,7,6,25,14,11,8,1,7,3853,3644,1667,1977,97,50,47,28,6,22,18,5,13,66,33,33
municipality,EC143,municipality-EC143,Maletswai,7275,4958,4616,2495,2121,314,162,152,5,0,5,9,3,6,14,6,8,2317,1839,901,938,217,116,101,16,6,10,16,3,13,229,103,126
municipality,EC153,municipality-EC153,Ngquza Hill,51806,45890,45565,23420,22145,213,103,110,57,24,33,32,5,27,23,15,8,5916,5781,2853,2928,88,41,47,12,4,8,28,5,23,7,1,6
municipality,EC154,municipality-EC154,Port St Johns,30084,27474,27315,14155,13160,118,65,53,23,11,12,4,1,3,14,5,9,2610,2553,1295,1258,34,11,23,8,2,6,5,1,4,10,5,5
municipality,EC155,municipality-EC155,Nyandeni,56897,50277,50002,25462,24540,153,79,74,69,37,32,27,19,8,26,17,9,6620,6528,3149,3379,64,31,33,13,2,11,12,4,8,3,0,3
municipality,EC156,municipality-EC156,Mhlontlo,35896,31533,31413,15729,15684,57,28,29,26,11,15,9,6,3,28,16,12,4363,4270,1993,2277,30,12,18,15,9,6,21,0,21,27,19,8
municipality,EC441,municipality-EC441,Matatiele,34330,28899,28716,14573,14143,125,55,70,26,13,13,11,6,5,21,15,6,5431,5103,2402,2701,166,85,81,49,11,38,9,1,8,104,57,47
municipality,EC442,municipality-EC442,Umzimvubu,33984,28902,28742,14798,13944,115,56,59,13,8,5,19,1,18,13,6,7,5082,5034,2462,2572,16,8,8,14,7,7,16,1,15,2,1,1
municipality,EC443,municipality-EC443,Mbizana,52758,46349,46206,24255,21951,89,38,51,29,12,17,10,5,5,15,7,8,6409,6331,3143,3188,47,25,22,11,2,9,11,1,10,9,7,2
municipality,EC444,municipality-EC444,Ntabankulu,23592,21533,21401,11231,10170,102,58,44,12,2,10,9,1,8,9,3,6,2059,2014,971,1043,33,14,19,6,0,6,4,0,4,2,1,1
municipality,FS161,municipality-FS161,Letsemeng,6255,4264,3189,1695,1494,1038,550,488,10,3,7,11,3,8,16,6,10,1991,1247,547,700,511,249,262,3,0,3,9,0,9,221,104,117
municipality,FS162,municipality-FS162,Kopanong,7579,5360,4107,2220,1887,1179,628,551,12,7,5,4,1,3,58,35,23,2219,1562,690,872,372,171,201,17,2,15,32,9,23,236,119,117
municipality,FS163,municipality-FS163,Mohokare,5806,4548,4435,2381,2054,93,57,36,0,0,0,4,0,4,16,4,12,1258,1062,487,575,34,10,24,13,2,11,2,0,2,147,59,88
municipality,FS181,municipality-FS181,Masilonyana,9495,7133,6996,3763,3233,73,32,41,11,1,10,4,1,3,49,25,24,2362,2024,999,1025,23,9,14,13,1,12,16,6,10,286,150,136
municipality,FS182,municipality-FS182,Tokologo,4517,3409,3243,1819,1424,135,72,63,3,0,3,4,4,0,24,14,10,1108,852,319,533,57,21,36,15,1,14,14,3,11,170,75,95
municipality,FS183,municipality-FS183,Tswelopele,8117,6495,6371,3436,2935,85,41,44,11,4,7,0,0,0,28,11,17,1622,1321,572,749,23,10,13,20,0,20,8,1,7,250,122,128
municipality,FS184,municipality-FS184,Matjhabeng,64403,39896,38731,20580,18151,773,384,389,45,16,29,36,12,24,311,165,146,24507,19840,9847,9993,705,344,361,141,37,104,67,19,48,3754,1876,1878
municipality,FS185,municipality-FS185,Nala,13379,10634,10538,5692,4846,64,36,28,3,1,2,9,7,2,20,12,8,2745,2368,1082,1286,21,11,10,25,4,21,21,1,20,310,136,174
municipality,FS192,municipality-FS192,Dihlabeng,21089,14024,13790,7306,6484,144,83,61,13,10,3,9,1,8,68,33,35,7065,5593,2749,2844,195,88,107,64,26,38,25,8,17,1188,645,543
municipality,FS193,municipality-FS193,Nketoana,10756,8529,8462,4417,4045,15,7,8,5,3,2,11,4,7,36,17,19,2227,1800,842,958,13,2,11,20,6,14,10,2,8,384,192,192
municipality,FS194,municipality-FS194,Maluti a Phofung,65415,52105,51951,27421,24530,70,45,25,16,8,8,20,11,9,48,27,21,13310,12842,6443,6399,35,8,27,68,21,47,26,10,16,339,149,190
municipality,FS195,municipality-FS195,Phumelela,8172,6365,6283,3352,2931,19,8,11,3,0,3,14,1,13,46,29,17,1807,1506,649,857,12,8,4,26,1,25,18,4,14,245,128,117
municipality,FS201,municipality-FS201,Moqhaka,24580,16765,16304,8592,7712,317,159,158,11,3,8,25,10,15,108,54,54,7815,6177,2956,3221,348,158,190,37,14,23,49,9,40,1204,582,622
municipality,FS203,municipality-FS203,Ngwathe,18724,14004,13521,7294,6227,347,182,165,13,6,7,9,2,7,114,50,64,4720,3558,1613,1945,197,99,98,54,10,44,42,3,39,869,456,413
municipality,FS204,municipality-FS204,Metsimaholo,22884,12501,12286,6381,5905,39,25,14,8,6,2,18,3,15,150,76,74,10383,7882,3689,4193,88,40,48,60,21,39,37,9,28,2316,1172,1144
municipality,FS205,municipality-FS205,Mafube,9646,7423,7326,3977,3349,44,26,18,15,4,11,4,0,4,34,15,19,2223,1854,826,1028,17,8,9,18,2,16,17,6,11,317,147,170
municipality,GT421,municipality-GT421,Emfuleni,114341,60326,58943,31043,27900,541,283,258,105,50,55,93,27,66,644,320,324,54015,43483,21585,21898,815,438,377,827,344,483,250,71,179,8640,4265,4375
municipality,GT423,municipality-GT423,Lesedi,14856,7972,7765,4137,3628,54,29,25,16,8,8,10,4,6,127,62,65,6884,4828,2289,2539,98,46,52,128,52,76,33,7,26,1797,861,936
municipality,GT481,municipality-GT481,Mogale City,51094,22414,21736,11471,10265,112,75,37,98,55,43,58,22,36,410,198,212,28680,20722,10033,10689,263,122,141,874,425,449,97,25,72,6724,3273,3451
municipality,GT482,municipality-GT482,Randfontein,22247,9744,8315,4461,3854,1155,592,563,14,6,8,30,11,19,230,106,124,12503,7983,3758,4225,1353,692,661,64,24,40,38,20,18,3065,1508,1557
municipality,GT483,municipality-GT483,Westonaria,16076,8056,7931,4220,3711,41,23,18,14,7,7,21,11,10,49,25,24,8020,6973,3169,3804,69,37,32,41,8,33,27,4,23,910,437,473
municipality,KZN211,municipality-KZN211,Vulamehlo,14299,12642,12609,6557,6052,9,6,3,18,10,8,2,1,1,4,2,2,1657,1634,754,880,2,1,1,18,11,7,0,0,0,3,3,0
municipality,KZN212,municipality-KZN212,Umdoni,12627,8124,7539,4001,3538,42,21,21,511,247,264,10,7,3,22,14,8,4503,2922,1416,1506,69,34,35,1169,568,601,20,8,12,323,149,174
municipality,KZN213,municipality-KZN213,Umzumbe,29932,25736,25665,13078,12587,15,7,8,22,13,9,19,6,13,15,6,9,4196,4161,1990,2171,14,7,7,8,5,3,5,2,3,8,5,3
municipality,KZN214,municipality-KZN214,UMuziwabantu,18353,15637,15545,8095,7450,48,30,18,30,9,21,8,1,7,6,2,4,2716,2557,1229,1328,92,39,53,27,12,15,13,3,10,27,13,14
municipality,KZN215,municipality-KZN215,Ezingoleni,10054,8717,8705,4470,4235,3,1,2,3,1,2,2,1,1,4,0,4,1337,1296,612,684,6,2,4,14,6,8,0,0,0,21,8,13
municipality,KZN221,municipality-KZN221,uMshwathi,20452,15582,15467,8119,7348,16,8,8,63,34,29,19,8,11,17,6,11,4870,4447,2102,2345,23,11,12,187,75,112,27,9,18,186,85,101
municipality,KZN222,municipality-KZN222,uMngeni,13509,7504,7297,3854,3443,83,45,38,86,36,50,8,4,4,30,13,17,6005,4526,2136,2390,145,70,75,417,195,222,16,4,12,901,479,422
municipality,KZN223,municipality-KZN223,Mpofana,6512,4534,4484,2331,2153,17,7,10,22,10,12,3,1,2,8,6,2,1978,1786,802,984,20,7,13,61,31,30,13,7,6,98,45,53
municipality,KZN224,municipality-KZN224,Impendle,5869,4893,4871,2512,2359,10,1,9,2,1,1,4,4,0,6,4,2,976,967,454,513,1,0,1,2,1,1,2,0,2,4,1,3
municipality,KZN225,municipality-KZN225,The Msunduzi,107345,61926,59022,30975,28047,761,400,361,1882,915,967,80,35,45,181,82,99,45419,32495,16260,16235,2151,1055,1096,7456,3730,3726,176,71,105,3141,1572,1569
municipality,KZN226,municipality-KZN226,Mkhambathini,11575,8788,8758,4582,4176,8,3,5,4,2,2,4,1,3,14,6,8,2787,2540,1138,1402,8,3,5,87,39,48,9,1,8,143,64,79
municipality,KZN232,municipality-KZN232,Emnambithi/Ladysmith,41390,29719,29146,15583,13563,156,83,73,324,157,167,38,14,24,55,28,27,11671,9825,4989,4836,231,127,104,1072,484,588,17,8,9,526,283,243
municipality,KZN233,municipality-KZN233,Indaka,20098,18331,18265,9932,8333,20,14,6,34,13,21,2,1,1,10,3,7,1767,1749,895,854,5,0,5,6,0,6,3,2,1,4,0,4
municipality,KZN234,municipality-KZN234,Umtshezi,14565,10917,10687,5749,4938,76,43,33,136,74,62,14,8,6,4,2,2,3648,2764,1311,1453,102,48,54,629,300,329,12,5,7,141,68,73
municipality,KZN235,municipality-KZN235,Okhahlamba,23365,20394,20333,10683,9650,13,5,8,19,10,9,19,6,13,10,6,4,2971,2804,1348,1456,6,3,3,40,15,25,7,2,5,114,59,55
municipality,KZN236,municipality-KZN236,Imbabazane,21348,18402,18364,9654,8710,14,7,7,15,6,9,6,3,3,3,3,0,2946,2928,1355,1573,2,1,1,6,3,3,3,0,3,7,6,1
municipality,KZN242,municipality-KZN242,Nqutu,32582,29365,29295,15476,13819,26,14,12,25,12,13,4,0,4,15,12,3,3217,3191,1628,1563,2,0,2,8,5,3,15,7,8,1,0,1
municipality,KZN244,municipality-KZN244,Msinga,32954,29950,29889,16412,13477,14,7,7,27,14,13,8,3,5,12,8,4,3004,2964,1557,1407,1,1,0,16,9,7,7,1,6,16,11,5
municipality,KZN245,municipality-KZN245,Umvoti,18921,15010,14818,8016,6802,78,52,26,68,31,37,10,1,9,36,16,20,3911,3462,1783,1679,51,22,29,220,92,128,26,5,21,152,88,64
municipality,KZN252,municipality-KZN252,Newcastle,64981,46625,46050,24195,21855,180,92,88,282,113,169,27,12,15,86,42,44,18356,15462,7488,7974,269,128,141,1377,658,719,76,26,50,1172,583,589
municipality,KZN254,municipality-KZN254,Dannhauser,19658,16811,16688,8578,8110,33,14,19,68,34,34,6,4,2,16,8,8,2847,2606,1243,1363,10,5,5,158,60,98,7,1,6,66,31,35
municipality,KZN261,municipality-KZN261,eDumbe,15725,13784,13727,7133,6594,6,2,4,24,12,12,17,5,12,10,8,2,1941,1810,824,986,5,5,0,7,1,6,6,3,3,113,58,55
municipality,KZN262,municipality-KZN262,UPhongolo,24937,20819,20769,11026,9743,9,3,6,12,6,6,12,8,4,17,11,6,4118,3990,1874,2116,3,1,2,9,2,7,4,2,2,112,51,61
municipality,KZN263,municipality-KZN263,Abaqulusi,37996,30566,30420,15745,14675,54,30,24,31,14,17,13,6,7,48,16,32,7430,6596,3125,3471,85,41,44,91,44,47,30,7,23,628,317,311
municipality,KZN265,municipality-KZN265,Nongoma,39609,34836,34722,18301,16421,33,17,16,38,21,17,21,12,9,22,10,12,4773,4739,2341,2398,5,4,1,21,9,12,4,1,3,4,2,2
municipality,KZN266,municipality-KZN266,Ulundi,35819,29791,29698,15624,14074,19,12,7,36,14,22,24,13,11,14,8,6,6028,5978,3111,2867,13,7,6,7,2,5,13,6,7,17,11,6
municipality,KZN272,municipality-KZN272,Jozini,36692,31870,31761,16731,15030,25,12,13,32,14,18,38,23,15,14,6,8,4822,4742,2429,2313,8,4,4,27,10,17,21,7,14,24,13,11
municipality,KZN273,municipality-KZN273,The Big 5 False Bay,6609,5620,5598,2916,2682,6,5,1,10,7,3,2,0,2,4,2,2,989,951,492,459,4,1,3,5,1,4,1,0,1,28,14,14
municipality,KZN274,municipality-KZN274,Hlabisa,14559,12632,12589,6605,5984,10,7,3,19,7,12,11,7,4,3,2,1,1927,1908,968,940,8,5,3,6,1,5,4,2,2,1,1,0
municipality,KZN275,municipality-KZN275,Mtubatuba,33086,26940,26813,14052,12761,50,28,22,47,27,20,15,4,11,15,5,10,6146,5985,3064,2921,37,17,20,35,12,23,17,8,9,72,38,34
municipality,KZN281,municipality-KZN281,Mfolozi,23849,19225,19148,9952,9196,32,16,16,32,19,13,6,2,4,7,3,4,4624,4536,2177,2359,14,6,8,16,8,8,5,2,3,53,26,27
municipality,KZN283,municipality-KZN283,Ntambanana,15190,13342,13299,6856,6443,16,7,9,16,8,8,5,3,2,6,2,4,1848,1823,881,942,15,9,6,4,1,3,3,1,2,3,1,2
municipality,KZN284,municipality-KZN284,uMlalazi,40126,32988,32782,17146,15636,84,34,50,84,49,35,19,9,10,19,11,8,7138,6618,3248,3370,103,53,50,156,93,63,36,10,26,225,128,97
municipality,KZN285,municipality-KZN285,Mthonjaneni,8808,6982,6955,3714,3241,13,6,7,9,6,3,2,0,2,3,2,1,1826,1773,879,894,11,6,5,9,2,7,9,0,9,24,12,12
municipality,KZN286,municipality-KZN286,Nkandla,22217,19599,19564,10419,9145,10,2,8,4,2,2,10,7,3,11,10,1,2618,2604,1291,1313,3,2,1,3,2,1,0,0,0,8,5,3
municipality,KZN291,municipality-KZN291,Mandeni,26330,19423,19263,10159,9104,33,25,8,108,51,57,8,5,3,11,3,8,6907,6365,2943,3422,75,44,31,302,154,148,29,11,18,136,74,62
municipality,KZN293,municipality-KZN293,Ndwedwe,26820,22809,22621,11701,10920,28,15,13,61,27,34,82,42,40,17,6,11,4011,3886,1869,2017,8,5,3,86,46,40,15,2,13,16,9,7
municipality,KZN294,municipality-KZN294,Maphumulo,18712,16319,16273,8737,7536,14,8,6,18,6,12,6,4,2,8,5,3,2393,2377,1229,1148,8,5,3,1,0,1,1,0,1,6,3,3
municipality,KZN431,municipality-KZN431,Ingwe,18712,16104,16062,8412,7650,15,9,6,13,6,7,9,3,6,5,1,4,2608,2546,1126,1420,12,4,8,8,3,5,8,1,7,34,15,19
municipality,KZN432,municipality-KZN432,Kwa Sani,2002,1215,1200,617,583,6,1,5,2,0,2,2,2,0,5,2,3,787,741,271,470,3,2,1,0,0,0,0,0,0,43,15,28
municipality,KZN434,municipality-KZN434,Ubuhlebezwe,18434,15568,15484,8032,7452,62,28,34,8,5,3,1,1,0,13,8,5,2866,2662,1201,1461,101,56,45,45,21,24,9,1,8,49,26,23
municipality,KZN435,municipality-KZN435,Umzimkhulu,34768,30318,30232,16211,14021,49,25,24,16,9,7,16,1,15,5,3,2,4450,4395,2224,2171,30,12,18,13,1,12,10,2,8,2,1,1
municipality,LIM331,municipality-LIM331,Greater Giyani,49680,41624,41588,21960,19628,12,9,3,11,5,6,4,1,3,9,4,5,8056,7922,4078,3844,13,10,3,86,38,48,17,8,9,18,7,11
municipality,LIM332,municipality-LIM332,Greater Letaba,43963,37474,37412,19490,17922,15,3,12,6,5,1,24,5,19,17,6,11,6489,6297,2786,3511,12,5,7,19,2,17,29,3,26,132,60,72
municipality,LIM333,municipality-LIM333,Greater Tzaneen,73491,58029,57845,30399,27446,67,31,36,33,9,24,39,11,28,45,18,27,15462,14178,6722,7456,39,17,22,181,74,107,59,16,43,1005,491,514
municipality,LIM335,municipality-LIM335,Maruleng,17783,15217,15187,7938,7249,5,4,1,11,2,9,6,3,3,8,1,7,2566,2258,1078,1180,23,10,13,23,8,15,15,1,14,247,124,123
municipality,LIM341,municipality-LIM341,Musina,10952,6641,6618,3656,2962,4,2,2,0,0,0,6,5,1,13,7,6,4311,3955,1874,2081,20,10,10,43,16,27,27,13,14,266,149,117
municipality,LIM342,municipality-LIM342,Mutale,17919,14886,14862,7735,7127,7,3,4,0,0,0,15,5,10,2,2,0,3033,2990,1439,1551,5,0,5,8,2,6,8,0,8,22,11,11
municipality,LIM343,municipality-LIM343,Thulamela,126760,101253,101043,52430,48613,42,24,18,87,36,51,53,11,42,28,15,13,25507,25143,12417,12726,26,10,16,281,124,157,25,6,19,32,15,17
municipality,LIM344,municipality-LIM344,Makhado,96949,76426,76224,39767,36457,66,38,28,31,13,18,34,8,26,71,42,29,20523,19329,9152,10177,94,42,52,163,68,95,79,6,73,858,414,444
municipality,LIM351,municipality-LIM351,Blouberg,31736,27798,27739,14698,13041,5,0,5,19,3,16,27,9,18,8,7,1,3938,3836,1717,2119,2,1,1,18,1,17,31,5,26,51,23,28
municipality,LIM353,municipality-LIM353,Molemole,19780,15839,15783,8251,7532,19,7,12,9,5,4,14,4,10,14,7,7,3941,3813,1707,2106,5,4,1,17,2,15,18,5,13,88,41,47
municipality,LIM354,municipality-LIM354,Polokwane,113910,71141,70599,37358,33241,278,130,148,81,32,49,71,38,33,112,50,62,42769,38363,18973,19390,598,269,329,498,221,277,123,43,80,3187,1546,1641
municipality,LIM355,municipality-LIM355,Lepele-Nkumpi,41868,33674,33622,17521,16101,15,7,8,17,4,13,13,6,7,7,5,2,8194,8121,3875,4246,5,3,2,24,1,23,17,5,12,27,16,11
municipality,LIM361,municipality-LIM361,Thabazimbi,10481,3712,3644,1914,1730,13,7,6,0,0,0,7,4,3,48,20,28,6769,5529,2333,3196,52,26,26,17,8,9,27,7,20,1144,587,557
municipality,LIM362,municipality-LIM362,Lephalale,19609,10733,10655,5635,5020,17,5,12,6,1,5,12,5,7,43,18,25,8876,7999,3412,4587,41,19,22,28,5,23,27,3,24,781,370,411
municipality,LIM365,municipality-LIM365,Modimolle,11013,7243,7171,3866,3305,15,10,5,6,1,5,11,4,7,40,23,17,3770,3245,1400,1845,19,5,14,42,7,35,13,2,11,451,246,205
municipality,LIM366,municipality-LIM366,Bela-Bela,9952,6202,6030,3191,2839,90,44,46,15,8,7,10,2,8,57,29,28,3750,3145,1426,1719,56,30,26,35,19,16,8,2,6,506,264,242
municipality,BUF,municipality-BUF,Buffalo City,115312,70248,66607,35134,31473,3107,1590,1517,88,35,53,114,33,81,332,171,161,45064,35030,17886,17144,4132,2095,2037,614,288,326,294,81,213,4994,2540,2454
municipality,EC101,municipality-EC101,Camdeboo,7401,5004,1160,602,558,3785,1927,1858,15,4,11,14,5,9,30,21,9,2397,519,295,224,1558,691,867,18,4,14,19,9,10,283,126,157
municipality,EC105,municipality-EC105,Ndlambe,8377,6006,5546,2857,2689,407,217,190,8,1,7,18,4,14,27,13,14,2371,1677,773,904,231,116,115,12,3,9,43,9,34,408,213,195
municipality,EC122,municipality-EC122,Mnquma,44303,36781,36705,18186,18519,30,14,16,24,14,10,12,4,8,10,5,5,7522,7420,3653,3767,29,14,15,24,7,17,22,5,17,27,17,10
municipality,EC128,municipality-EC128,Nxuba,3552,2813,2153,1067,1086,643,314,329,6,3,3,9,4,5,2,2,0,739,462,217,245,170,79,91,16,8,8,16,6,10,75,35,40
municipality,EC135,municipality-EC135,Intsika Yethu,23866,20942,20852,9960,10892,54,23,31,15,3,12,13,4,9,8,5,3,2924,2868,1295,1573,10,1,9,17,0,17,23,4,19,6,2,4
municipality,EC144,municipality-EC144,Gariep,5367,4025,3351,1713,1638,646,318,328,4,2,2,10,5,5,14,10,4,1342,921,411,510,229,86,143,8,0,8,12,1,11,172,97,75
municipality,EC157,municipality-EC157,King Sabata Dalindyebo,86200,67036,66683,34790,31893,216,119,97,59,25,34,37,8,29,41,24,17,19164,18533,9684,8849,306,149,157,167,49,118,81,22,59,77,42,35
municipality,NMA,municipality-NMA,Nelson Mandela Bay,179719,103507,77510,40577,36933,23882,12385,11497,411,211,200,518,195,323,1186,586,600,76212,35518,17735,17783,20491,10364,10127,1414,680,734,1209,416,793,17580,8657,8923
municipality,FS164,municipality-FS164,Naledi,4165,3253,3179,1686,1493,59,32,27,5,2,3,4,0,4,6,1,5,912,813,403,410,6,3,3,14,2,12,3,0,3,76,39,37
municipality,FS191,municipality-FS191,Setsoto,19086,15272,15081,8070,7011,104,49,55,20,9,11,10,3,7,57,29,28,3814,3114,1499,1615,78,45,33,115,55,60,19,4,15,488,246,242
municipality,FS196,municipality-FS196,Mantsopa,8872,6580,6296,3336,2960,212,107,105,15,6,9,12,5,7,45,21,24,2292,1861,892,969,123,60,63,39,20,19,26,6,20,243,129,114
municipality,MAN,municipality-MAN,Mangaung,129854,70682,67372,35685,31687,2527,1306,1221,93,36,57,84,32,52,606,311,295,59172,44842,22438,22404,3918,2033,1885,421,147,274,252,77,175,9739,4947,4792
municipality,EKU,municipality-EKU,Ekurhuleni,460657,203428,195600,103678,91922,4561,2409,2152,824,363,461,510,191,319,1933,955,978,257229,196486,95670,100816,8927,4538,4389,7008,3304,3704,1337,451,886,43471,21841,21630
municipality,GT422,municipality-GT422,Midvaal,12511,4675,4341,2317,2024,47,29,18,7,5,2,19,9,10,261,128,133,7836,4013,1787,2226,168,85,83,67,40,27,28,12,16,3560,1777,1783
municipality,GT484,municipality-GT484,Merafong City,27791,13448,13124,7010,6114,160,87,73,14,5,9,14,4,10,136,75,61,14343,11927,5794,6133,139,62,77,68,25,43,43,8,35,2166,1086,1080
municipality,JHB,municipality-JHB,City of Johannesburg,597108,232585,217849,115594,102255,10590,5418,5172,1902,928,974,808,378,430,1436,691,745,364523,277434,138940,138494,24979,12610,12369,20422,9983,10439,2088,887,1201,39600,19707,19893
municipality,TSH,municipality-TSH,City of Tshwane,419950,163530,158286,83618,74668,1919,1018,901,745,337,408,452,194,258,2128,1052,1076,256420,189991,94786,95205,6399,3273,3126,5230,2460,2770,1382,521,861,53418,26706,26712
municipality,ETH,municipality-ETH,eThekwini,583823,306635,284260,151789,132471,3450,1781,1669,17512,8644,8868,641,303,338,772,386,386,277188,177551,86048,91503,9862,5063,4799,70183,35035,35148,1369,587,782,18223,8941,9282
municipality,KZN216,municipality-KZN216,Hibiscus Coast,43606,28543,27869,14788,13081,166,83,83,369,172,197,17,5,12,122,48,74,15063,11510,5630,5880,443,231,212,1519,763,756,56,29,27,1535,755,780
municipality,KZN227,municipality-KZN227,Richmond,11544,9232,9127,4799,4328,54,29,25,28,12,16,8,6,2,15,10,5,2312,2098,895,1203,48,25,23,82,31,51,13,3,10,71,28,43
municipality,KZN241,municipality-KZN241,Endumeni,11394,7224,6886,3591,3295,143,75,68,156,84,72,12,5,7,27,8,19,4170,3178,1484,1694,157,81,76,410,208,202,16,8,8,409,206,203
municipality,KZN253,municipality-KZN253,Emadlangeni,5900,5049,5001,2472,2529,33,21,12,2,1,1,1,1,0,12,7,5,851,714,276,438,30,17,13,2,2,0,2,1,1,103,52,51
municipality,KZN271,municipality-KZN271,Umhlabuyalingana,30814,27300,27246,14285,12961,13,5,8,21,9,12,13,5,8,7,3,4,3514,3482,1843,1639,3,3,0,4,2,2,8,2,6,17,10,7
municipality,KZN282,municipality-KZN282,uMhlathuze,60266,33556,33049,17778,15271,112,55,57,256,142,114,30,10,20,109,58,51,26710,21857,11165,10692,375,183,192,1797,922,875,64,25,39,2617,1281,1336
municipality,KZN292,municipality-KZN292,KwaDukuza,40538,24127,22713,12437,10276,147,78,69,1108,567,541,142,61,81,17,11,6,16411,11312,5272,6040,242,123,119,3959,1921,2038,120,33,87,778,411,367
municipality,KZN433,municipality-KZN433,Greater Kokstad,11572,7057,6704,3681,3023,337,158,179,6,1,5,4,0,4,6,5,1,4515,3668,1814,1854,600,310,290,65,30,35,20,7,13,162,78,84
municipality,LIM334,municipality-LIM334,Ba-Phalaborwa,26960,18116,18045,9500,8545,27,12,15,10,7,3,1,0,1,33,17,16,8844,7972,3970,4002,33,18,15,35,11,24,14,5,9,790,401,389
municipality,LIM352,municipality-LIM352,Aganang,24556,20968,20914,10802,10112,5,1,4,8,0,8,32,7,25,9,5,4,3588,3559,1635,1924,1,1,0,13,0,13,8,1,7,7,5,2
municipality,LIM364,municipality-LIM364,Mookgopong,5461,3360,3297,1738,1559,6,2,4,1,1,0,20,5,15,36,17,19,2101,1857,757,1100,13,9,4,10,1,9,9,2,7,212,93,119
municipality,LIM367,municipality-LIM367,Mogalakwena,56269,44260,44111,23136,20975,34,19,15,37,10,27,30,11,19,48,28,20,12009,10868,5218,5650,29,8,21,213,85,128,59,10,49,840,428,412
municipality,LIM471,municipality-LIM471,Ephraim Mogale,22165,18496,18431,9644,8787,10,5,5,21,9,12,17,5,12,17,9,8,3669,3456,1495,1961,3,1,2,35,7,28,22,6,16,153,76,77
municipality,LIM472,municipality-LIM472,Elias Motsoaledi,46607,38367,38248,20122,18126,30,15,15,40,19,21,32,7,25,17,9,8,8240,7799,3627,4172,13,7,6,74,6,68,42,6,36,312,160,152
municipality,LIM473,municipality-LIM473,Makhuduthamaga,50717,44787,44716,23406,21310,7,3,4,38,24,14,11,3,8,15,9,6,5930,5828,2800,3028,10,2,8,62,7,55,27,8,19,3,2,1
municipality,LIM474,municipality-LIM474,Fetakgomo,16767,13313,13293,6990,6303,3,3,0,7,3,4,9,1,8,1,1,0,3454,3385,1659,1726,1,1,0,12,0,12,10,1,9,46,30,16
municipality,LIM475,municipality-LIM475,Greater Tubatse,62024,45916,45799,24178,21621,42,17,25,37,20,17,16,7,9,22,13,9,16108,15512,7558,7954,41,25,16,49,20,29,22,5,17,484,229,255
municipality,MP301,municipality-MP301,Albert Luthuli,36725,29527,29331,15686,13645,67,28,39,57,15,42,30,11,19,42,14,28,7198,6800,3265,3535,32,13,19,97,21,76,43,9,34,226,110,116
municipality,MP302,municipality-MP302,Msukaligwa,25492,15434,15220,8142,7078,52,35,17,50,17,33,22,7,15,90,51,39,10058,8117,3860,4257,65,37,28,189,71,118,53,16,37,1634,801,833
municipality,MP304,municipality-MP304,Pixley Ka Seme,14007,10779,10652,5702,4950,42,16,26,17,12,5,5,0,5,63,33,30,3228,2476,1166,1310,36,17,19,128,56,72,16,5,11,572,280,292
municipality,MP305,municipality-MP305,Lekwa,18914,11069,10756,5613,5143,202,106,96,19,4,15,14,2,12,78,36,42,7845,5739,2634,3105,357,182,175,168,79,89,33,5,28,1548,766,782
municipality,MP306,municipality-MP306,Dipaleseng,6733,4331,4245,2214,2031,9,5,4,5,4,1,5,1,4,67,34,33,2402,2015,944,1071,8,3,5,33,12,21,6,1,5,340,152,188
municipality,MP307,municipality-MP307,Govan Mbeki,47002,22090,21621,11219,10402,119,55,64,62,33,29,60,24,36,228,117,111,24912,18755,8377,10378,539,262,277,606,283,323,105,24,81,4907,2466,2441
municipality,MP312,municipality-MP312,Emalahleni,65229,26291,25481,13138,12343,367,167,200,59,15,44,80,26,54,304,152,152,38938,30180,14116,16064,780,399,381,447,188,259,173,26,147,7358,3640,3718
municipality,MP313,municipality-MP313,Steve Tshwete,35174,13329,12729,6728,6001,243,135,108,53,27,26,33,13,20,271,134,137,21845,15078,6841,8237,763,388,375,458,189,269,98,22,76,5448,2651,2797
municipality,MP314,municipality-MP314,Emakhazeni,7371,4371,4221,2252,1969,44,21,23,23,9,14,1,0,1,82,35,47,3000,2527,1143,1384,63,37,26,37,12,25,3,0,3,370,184,186
municipality,MP315,municipality-MP315,Thembisile,58955,44074,43786,23191,20595,93,49,44,121,58,63,51,7,44,23,12,11,14881,14636,6987,7649,37,23,14,135,18,117,57,7,50,16,7,9
municipality,MP316,municipality-MP316,Dr JS Moroka,46435,36685,36554,19162,17392,43,18,25,56,19,37,22,1,21,10,5,5,9750,9611,4526,5085,19,12,7,83,7,76,30,1,29,7,0,7
municipality,MP321,municipality-MP321,Thaba Chweu,14594,7443,7183,3750,3433,158,87,71,11,7,4,16,8,8,75,31,44,7151,5411,2457,2954,223,116,107,70,25,45,92,22,70,1355,672,683
municipality,MP323,municipality-MP323,Umjindi,10774,5945,5826,3207,2619,65,42,23,10,5,5,5,0,5,39,23,16,4829,3872,1822,2050,152,86,66,87,40,47,10,2,8,708,341,367
municipality,MP324,municipality-MP324,Nkomazi,78700,60533,60255,32223,28032,108,66,42,85,40,45,40,16,24,45,27,18,18167,17412,8309,9103,83,34,49,205,42,163,40,11,29,427,198,229
municipality,MP325,municipality-MP325,Bushbuckridge,110404,92786,92592,49267,43325,94,49,45,50,19,31,20,5,15,30,12,18,17618,17380,8656,8724,41,25,16,79,4,75,35,4,31,83,41,42
municipality,NW371,municipality-NW371,Moretele,30619,23114,23046,12220,10826,43,17,26,7,3,4,14,1,13,4,3,1,7505,7398,3455,3943,8,3,5,30,3,27,33,1,32,36,18,18
municipality,NW372,municipality-NW372,Madibeng,73736,39034,38320,20348,17972,311,185,126,70,24,46,92,38,54,241,120,121,34702,29529,13016,16513,313,154,159,324,99,225,170,42,128,4366,2128,2238
municipality,NW374,municipality-NW374,Kgetlengrivier,7379,4874,4632,2502,2130,107,58,49,13,9,4,24,12,12,98,44,54,2505,1628,578,1050,39,9,30,56,21,35,24,7,17,758,345,413
municipality,NW375,municipality-NW375,Moses Kotane,36320,23388,23285,12324,10961,35,20,15,28,10,18,25,9,16,15,7,8,12932,12562,5803,6759,50,26,24,125,35,90,50,12,38,145,64,81
municipality,NW381,municipality-NW381,Ratlou,17346,15528,15351,8229,7122,141,76,65,13,1,12,18,9,9,5,5,0,1818,1669,738,931,25,5,20,40,6,34,11,1,10,73,31,42
municipality,NW382,municipality-NW382,Tswaing,21226,17867,17468,9310,8158,329,150,179,6,3,3,11,8,3,53,30,23,3359,2517,1083,1434,43,12,31,52,4,48,37,4,33,710,350,360
municipality,NW383,municipality-NW383,Mafikeng,50753,32704,32124,17094,15030,428,208,220,85,28,57,20,5,15,47,32,15,18049,16676,8371,8305,683,310,373,301,124,177,59,18,41,330,167,163
municipality,NW385,municipality-NW385,Ramotshere Moiloa,23460,18345,18103,9575,8528,114,43,71,43,18,25,23,7,16,62,27,35,5115,4357,1994,2363,91,52,39,107,43,64,50,18,32,510,238,272
municipality,NW392,municipality-NW392,Naledi,10436,6880,5879,3198,2681,929,502,427,14,4,10,38,16,22,20,10,10,3556,2190,950,1240,674,360,314,93,51,42,43,18,25,556,249,307
municipality,NW393,municipality-NW393,Mamusa,10012,8358,8117,4279,3838,197,92,105,7,4,3,9,3,6,28,8,20,1654,1271,567,704,49,24,25,39,7,32,8,4,4,287,148,139
municipality,NW394,municipality-NW394,Greater Taung,29671,25543,25236,13602,11634,255,136,119,29,10,19,16,12,4,7,1,6,4128,3959,1873,2086,65,32,33,31,1,30,31,6,25,42,8,34
municipality,NW397,municipality-NW397,Kagisano/Molopo,16429,13834,13584,7530,6054,186,109,77,13,3,10,20,13,7,31,14,17,2595,2273,931,1342,87,33,54,31,0,31,27,6,21,177,85,92
municipality,NW401,municipality-NW401,Ventersdorp,8814,6923,6571,3486,3085,217,113,104,8,1,7,95,53,42,32,22,10,1891,1494,675,819,80,34,46,24,4,20,35,6,29,258,120,138
municipality,NW402,municipality-NW402,Tlokwe City Council,25590,11892,10589,5565,5024,836,455,381,45,22,23,18,6,12,404,220,184,13698,8055,3896,4159,985,522,463,227,100,127,98,26,72,4333,2227,2106
municipality,NW403,municipality-NW403,City of Matlosana,60497,36403,34686,18249,16437,1097,552,545,124,50,74,45,15,30,451,235,216,24094,17134,8290,8844,1067,541,526,421,138,283,118,33,85,5354,2618,2736
municipality,NW404,municipality-NW404,Maquassi Hills,12508,10038,9655,5156,4499,301,154,147,17,7,10,18,6,12,47,20,27,2470,1804,788,1016,54,26,28,47,9,38,14,3,11,551,292,259
municipality,NC061,municipality-NC061,Richtersveld,1612,669,82,46,36,574,273,301,2,2,0,9,3,6,2,1,1,943,82,41,41,786,351,435,4,2,2,8,2,6,63,38,25
municipality,NC064,municipality-NC064,Kamiesberg,1202,770,35,20,15,731,367,364,2,0,2,0,0,0,2,1,1,432,17,5,12,382,160,222,4,2,2,7,2,5,22,10,12
municipality,NC065,municipality-NC065,Hantam,3132,1771,62,31,31,1692,891,801,6,5,1,2,0,2,9,5,4,1361,31,16,15,1179,531,648,12,6,6,8,1,7,131,62,69
municipality,NC066,municipality-NC066,Karoo Hoogland,1502,898,19,14,5,854,465,389,8,7,1,4,2,2,13,4,9,604,25,9,16,506,241,265,12,5,7,2,1,1,59,24,35
municipality,NC067,municipality-NC067,Khâi-Ma,2028,870,84,37,47,778,403,375,3,2,1,1,0,1,4,0,4,1158,479,201,278,598,269,329,4,0,4,18,9,9,59,23,36
municipality,NC072,municipality-NC072,Umsobomvu,4363,2994,2020,1051,969,935,495,440,10,5,5,15,6,9,14,5,9,1369,824,385,439,428,216,212,8,1,7,22,7,15,87,45,42
municipality,NC073,municipality-NC073,Emthanjeni,6622,3933,1273,660,613,2615,1397,1218,19,10,9,7,2,5,19,9,10,2689,908,433,475,1453,734,719,19,3,16,22,3,19,287,165,122
municipality,NC074,municipality-NC074,Kareeberg,1620,1150,30,15,15,1110,638,472,4,1,3,2,0,2,4,1,3,470,19,5,14,393,172,221,1,0,1,2,0,2,55,25,30
municipality,NC075,municipality-NC075,Renosterberg,1587,1074,372,166,206,693,349,344,4,3,1,0,0,0,5,4,1,513,184,88,96,276,130,146,4,1,3,2,1,1,47,21,26
municipality,NC076,municipality-NC076,Thembelihle,2495,1520,221,121,100,1278,677,601,3,0,3,0,0,0,18,9,9,975,171,83,88,627,296,331,7,0,7,12,2,10,158,76,82
municipality,NC078,municipality-NC078,Siyancuma,5512,3944,1326,711,615,2552,1336,1216,16,9,7,42,27,15,8,3,5,1568,453,211,242,805,371,434,20,8,12,42,7,35,248,134,114
municipality,NC081,municipality-NC081,Mier,1059,731,19,10,9,703,383,320,4,3,1,1,0,1,4,3,1,328,11,1,10,304,134,170,4,3,1,2,0,2,7,1,6
municipality,NC082,municipality-NC082,Kai !Garib,12712,5356,755,376,379,4446,2272,2174,45,21,24,80,35,45,30,16,14,7356,4439,1791,2648,2375,1141,1234,30,10,20,220,81,139,292,136,156
municipality,NC083,municipality-NC083,//Khara Hais,15225,8513,2002,1034,968,6359,3334,3025,39,17,22,71,30,41,42,22,20,6712,1473,674,799,4306,2148,2158,57,14,43,91,19,72,785,399,386
municipality,NC084,municipality-NC084,!Kheis,2343,1618,65,33,32,1514,803,711,15,5,10,19,9,10,5,0,5,725,101,32,69,540,251,289,7,0,7,11,1,10,66,34,32
municipality,NC086,municipality-NC086,Kgatelopele,3034,1623,865,468,397,738,391,347,8,2,6,4,1,3,8,5,3,1411,612,275,337,618,287,331,11,5,6,21,6,15,149,57,92
municipality,NC091,municipality-NC091,Sol Plaatjie,39052,21671,14644,7739,6905,6157,3236,2921,114,62,52,673,384,289,83,47,36,17381,9750,4751,4999,5466,2747,2719,254,107,147,229,80,149,1682,840,842
municipality,NC092,municipality-NC092,Dikgatlong,7196,5244,3057,1657,1400,1721,890,831,22,10,12,429,217,212,15,5,10,1952,1116,502,614,524,274,250,19,6,13,153,67,86,140,59,81
municipality,NC093,municipality-NC093,Magareng,3944,2986,2535,1342,1193,416,218,198,15,7,8,1,0,1,19,12,7,958,686,293,393,181,79,102,9,0,9,3,1,2,79,36,43
municipality,NC451,municipality-NC451,Joe Morolong,14397,12407,12179,6651,5528,185,104,81,20,5,15,14,5,9,9,5,4,1990,1763,804,959,78,35,43,21,2,19,16,7,9,112,44,68
municipality,NC452,municipality-NC452,Ga-Segonyana,15595,10091,9509,5138,4371,535,272,263,12,6,6,21,11,10,14,9,5,5504,4369,2027,2342,667,325,342,48,7,41,39,10,29,381,184,197
municipality,NC453,municipality-NC453,Gamagara,6319,2666,1621,887,734,941,486,455,8,6,2,75,47,28,21,9,12,3653,1903,790,1113,1051,513,538,29,8,21,57,20,37,613,286,327
municipality,CPT,municipality-CPT,City of Cape Town,554253,235174,137564,76670,60894,92657,47266,45391,1056,520,536,2211,880,1331,1686,848,838,319079,101039,51449,49590,156002,78415,77587,5863,2814,3049,5929,2268,3661,50246,25055,25191
municipality,WC011,municipality-WC011,Matzikama,10533,5062,390,184,206,4537,2446,2091,24,14,10,55,30,25,56,31,25,5471,372,141,231,4169,2002,2167,29,12,17,69,28,41,832,415,417
municipality,WC013,municipality-WC013,Bergrivier,8786,3301,210,109,101,3020,1665,1355,6,2,4,10,0,10,55,34,21,5485,602,301,301,4070,2000,2070,25,11,14,35,9,26,753,379,374
municipality,WC014,municipality-WC014,Saldanha Bay,15041,5992,1869,1014,855,3982,2019,1963,39,16,23,35,11,24,67,39,28,9049,1942,888,1054,5473,2754,2719,80,43,37,60,13,47,1494,747,747
municipality,WC015,municipality-WC015,Swartland,16411,6662,1232,707,525,5299,2840,2459,30,12,18,19,10,9,82,31,51,9749,1398,617,781,6993,3471,3522,34,16,18,103,24,79,1221,583,638
municipality,WC022,municipality-WC022,Witzenberg,19990,9383,2152,1178,974,7126,3691,3435,20,6,14,46,18,28,39,17,22,10607,3257,1230,2027,6611,3209,3402,25,12,13,74,24,50,640,323,317
municipality,WC023,municipality-WC023,Drakenstein,38305,16507,4983,2727,2256,11266,5881,5385,32,18,14,83,26,57,143,85,58,21798,3471,1681,1790,14786,7230,7556,111,53,58,214,89,125,3216,1618,1598
municipality,WC025,municipality-WC025,Breede Valley,25898,12546,3723,2028,1695,8624,4553,4071,41,20,21,46,19,27,112,52,60,13352,2404,1222,1182,9292,4683,4609,92,33,59,148,76,72,1416,727,689
municipality,WC026,municipality-WC026,Langeberg,15593,8632,1664,904,760,6841,3612,3229,14,8,6,49,26,23,64,38,26,6961,834,388,446,5308,2554,2754,14,7,7,81,24,57,724,364,360
municipality,WC031,municipality-WC031,Theewaterskloof,16409,7802,2478,1313,1165,5251,2788,2463,15,8,7,25,13,12,33,18,15,8607,2135,848,1287,5626,2726,2900,25,12,13,127,27,100,694,330,364
municipality,WC032,municipality-WC032,Overstrand,9216,4393,2442,1333,1109,1829,941,888,7,3,4,24,9,15,91,45,46,4823,1615,806,809,2046,1034,1012,22,6,16,73,26,47,1067,549,518
municipality,WC034,municipality-WC034,Swellendam,5499,2675,356,168,188,2275,1196,1079,7,2,5,11,5,6,26,9,17,2824,370,134,236,2039,957,1082,5,2,3,42,12,30,368,171,197
municipality,WC041,municipality-WC041,Kannaland,3802,2592,99,50,49,2470,1277,1193,3,2,1,4,2,2,16,11,5,1210,48,26,22,1018,463,555,2,2,0,8,6,2,134,65,69
municipality,WC042,municipality-WC042,Hessequa,7139,3468,240,118,122,3123,1652,1471,25,12,13,7,3,4,73,39,34,3671,264,118,146,2721,1356,1365,13,8,5,17,2,15,656,344,312
municipality,WC043,municipality-WC043,Mossel Bay,10210,5015,2023,1174,849,2837,1491,1346,25,13,12,35,11,24,95,37,58,5195,1319,647,672,2576,1275,1301,29,13,16,63,16,47,1208,628,580
