,geo_level,geo_code,geoid,name,total,Do not know,Do not know-Female,Do not know-Male,Formal sector,Formal sector-Female,Formal sector-Male,Informal sector,Informal sector-Female,Informal sector-Male,Private household,Private household-Female,Private household-Male,province
0,country,ZA,country-ZA,South Africa,1676105,45301,17382,27919,1251607,546152,705455,222118,76135,145983,157079,62851,94228,South Africa
1,municipality,WC044,municipality-WC044,George,8609,221,88,133,6805,3147,3658,1132,431,701,451,202,249,Western Cape
2,municipality,WC047,municipality-WC047,Bitou,1841,37,20,17,1367,591,776,224,61,163,213,77,136,Western Cape
3,municipality,WC048,municipality-WC048,Knysna,2664,78,33,45,1957,862,1095,296,100,196,333,137,196,Western Cape
4,municipality,WC051,municipality-WC051,Laingsburg,437,9,2,7,392,147,245,23,13,10,13,7,6,Western Cape
5,municipality,WC052,municipality-WC052,Prince Albert,562,9,7,2,419,115,304,92,26,66,42,22,20,Western Cape
6,municipality,WC053,municipality-WC053,Beaufort West,1543,44,22,22,1178,483,695,225,74,151,96,55,41,Western Cape
7,municipality,MP303,municipality-MP303,Mkhondo,4648,283,101,182,3038,1276,1762,1015,352,663,312,102,210,Mpumalanga
8,municipality,MP311,municipality-MP311,Victor Khanye,3102,154,63,91,2144,716,1428,471,121,350,333,91,242,Mpumalanga
9,municipality,MP322,municipality-MP322,Mbombela,20294,499,177,322,14142,6325,7817,3391,1141,2250,2262,846,1416,North West
10,municipality,NW373,municipality-NW373,Rustenburg,23111,639,208,431,16979,5717,11262,2998,774,2224,2495,770,1725,North West
11,municipality,NW384,municipality-NW384,Ditsobotla,4737,69,27,42,2982,943,2039,869,131,738,817,161,656,North West
12,municipality,NW396,municipality-NW396,Lekwa-Teemane,1541,88,21,67,888,343,545,303,83,220,262,49,213,Northern Cape
13,municipality,NC062,municipality-NC062,Nama Khoi,1521,19,8,11,1034,468,566,399,162,237,69,22,47,Northern Cape
14,municipality,NC071,municipality-NC071,Ubuntu,865,19,4,15,581,231,350,201,50,151,64,34,30,Northern Cape
15,municipality,NC077,municipality-NC077,Siyathemba,839,6,1,5,647,190,457,112,21,91,74,45,29,Northern Cape
16,municipality,NC085,municipality-NC085,Tsantsabane,1785,52,13,39,1122,391,731,448,107,341,163,71,92,Northern Cape
17,municipality,NC094,municipality-NC094,Phokwane,1510,51,21,30,1016,411,605,278,71,207,165,54,111,Western Cape
18,municipality,WC012,municipality-WC012,Cederberg,3244,79,35,44,2781,1317,1464,287,138,149,97,53,44,Western Cape
19,municipality,WC024,municipality-WC024,Stellenbosch,9311,253,123,130,7081,3409,3672,1340,558,782,637,281,356,Western Cape
20,municipality,WC033,municipality-WC033,Cape Agulhas,1917,82,31,51,1541,666,875,215,90,125,79,33,46,Western Cape
21,municipality,WC045,municipality-WC045,Oudtshoorn,3126,62,12,50,2511,1015,1496,410,149,261,143,60,83,Eastern Cape
22,municipality,EC102,municipality-EC102,Blue Crane Route,937,38,15,23,526,198,328,241,61,180,132,39,93,Eastern Cape
23,municipality,EC103,municipality-EC103,Ikwezi,423,7,2,5,241,117,124,111,42,69,64,27,37,Eastern Cape
24,municipality,EC104,municipality-EC104,Makana,2280,70,32,38,1499,682,817,425,165,260,286,116,170,Eastern Cape
25,municipality,EC106,municipality-EC106,Sundays River Valley,2700,107,39,68,2000,672,1328,381,115,266,212,66,146,Eastern Cape
26,municipality,EC107,municipality-EC107,Baviaans,588,17,5,12,331,122,209,121,26,95,119,38,81,Eastern Cape
27,municipality,EC108,municipality-EC108,Kouga,4605,68,26,42,2992,1308,1684,1190,415,775,355,137,218,Eastern Cape
28,municipality,EC109,municipality-EC109,Kou-Kamma,2875,34,5,29,1961,717,1244,695,272,423,185,62,123,Eastern Cape
29,municipality,EC121,municipality-EC121,Mbhashe,2819,35,14,21,1867,917,950,618,253,365,299,147,152,Eastern Cape
30,municipality,EC123,municipality-EC123,Great Kei,813,52,16,36,490,178,312,125,45,80,146,38,108,Eastern Cape
31,municipality,EC124,municipality-EC124,Amahlathi,1898,37,10,27,1176,430,746,459,157,302,226,77,149,Eastern Cape
32,municipality,EC126,municipality-EC126,Ngqushwa,590,22,11,11,371,165,206,133,53,80,64,19,45,Eastern Cape
33,municipality,EC127,municipality-EC127,Nkonkobe,1425,38,12,26,1027,474,553,217,85,132,143,56,87,Eastern Cape
34,municipality,EC131,municipality-EC131,Inxuba Yethemba,2339,37,17,20,1766,651,1115,332,105,227,204,59,145,Eastern Cape
35,municipality,EC132,municipality-EC132,Tsolwana,584,13,2,11,369,133,236,71,18,53,131,42,89,Eastern Cape
36,municipality,EC133,municipality-EC133,Inkwanca,607,20,0,20,437,150,287,66,12,54,84,25,59,Eastern Cape
37,municipality,EC134,municipality-EC134,Lukanji,3580,94,34,60,2364,1078,1286,586,239,347,536,221,315,Eastern Cape
38,municipality,EC136,municipality-EC136,Emalahleni,1294,30,9,21,916,389,527,209,78,131,139,46,93,Eastern Cape
39,municipality,EC137,municipality-EC137,Engcobo,1866,43,20,23,1339,648,691,309,143,166,175,99,76,Eastern Cape
40,municipality,EC138,municipality-EC138,Sakhisizwe,1221,31,8,23,775,328,447,310,107,203,105,36,69,Eastern Cape
41,municipality,EC141,municipality-EC141,Elundini,2106,51,12,39,1398,570,828,508,156,352,149,49,100,Eastern Cape
42,municipality,EC142,municipality-EC142,Senqu,2650,62,14,48,1468,695,773,736,241,495,384,153,231,Eastern Cape
43,municipality,EC143,municipality-EC143,Maletswai,1241,56,16,40,760,307,453,228,71,157,197,72,125,Eastern Cape
44,municipality,EC153,municipality-EC153,Ngquza Hill,2818,73,35,38,1990,942,1048,458,222,236,297,136,161,Eastern Cape
45,municipality,EC154,municipality-EC154,Port St Johns,1265,18,9,9,1036,525,511,124,37,87,87,49,38,Eastern Cape
46,municipality,EC155,municipality-EC155,Nyandeni,3431,57,22,35,2579,1217,1362,458,183,275,337,165,172,Eastern Cape
47,municipality,EC156,municipality-EC156,Mhlontlo,2275,30,14,16,1696,809,887,319,126,193,230,120,110,Eastern Cape
48,municipality,EC441,municipality-EC441,Matatiele,3903,94,38,56,2383,1131,1252,941,373,568,485,219,266,Eastern Cape
49,municipality,EC442,municipality-EC442,Umzimvubu,3011,80,40,40,2113,1057,1056,524,216,308,294,144,150,Eastern Cape
50,municipality,EC443,municipality-EC443,Mbizana,3223,62,24,38,2180,1110,1070,545,231,314,436,223,213,Eastern Cape
51,municipality,EC444,municipality-EC444,Ntabankulu,1158,25,11,14,907,461,446,139,50,89,87,48,39,Free State
52,municipality,FS161,municipality-FS161,Letsemeng,1494,43,15,28,808,286,522,530,120,410,113,38,75,Free State
53,municipality,FS162,municipality-FS162,Kopanong,1656,21,5,16,848,297,551,534,126,408,253,91,162,Free State
54,municipality,FS163,municipality-FS163,Mohokare,1070,22,6,16,558,201,357,284,67,217,206,54,152,Free State
55,municipality,FS181,municipality-FS181,Masilonyana,1415,82,25,57,848,295,553,212,60,152,273,51,222,Free State
56,municipality,FS182,municipality-FS182,Tokologo,1001,22,3,19,571,161,410,164,28,136,244,77,167,Free State
57,municipality,FS183,municipality-FS183,Tswelopele,1358,38,13,25,920,279,641,176,39,137,224,52,172,Free State
58,municipality,FS184,municipality-FS184,Matjhabeng,10445,305,98,207,7755,3177,4578,1318,428,890,1067,346,721,Free State
59,municipality,FS185,municipality-FS185,Nala,1927,57,18,39,1236,454,782,424,98,326,210,53,157,Free State
60,municipality,FS192,municipality-FS192,Dihlabeng,3730,81,26,55,2785,1043,1742,451,166,285,413,142,271,Free State
61,municipality,FS193,municipality-FS193,Nketoana,1666,20,2,18,1192,356,836,299,92,207,155,53,102,Free State
62,municipality,FS194,municipality-FS194,Maluti a Phofung,6033,209,82,127,4026,1844,2182,1185,426,759,613,225,388,Free State
63,municipality,FS195,municipality-FS195,Phumelela,1523,40,14,26,1168,287,881,210,42,168,105,39,66,Free State
64,municipality,FS201,municipality-FS201,Moqhaka,3936,86,32,54,2503,922,1581,824,192,632,523,151,372,Free State
65,municipality,FS203,municipality-FS203,Ngwathe,3154,79,34,45,2137,891,1246,624,161,463,314,94,220,Free State
66,municipality,FS204,municipality-FS204,Metsimaholo,5106,160,55,105,3966,1355,2611,493,147,346,487,171,316,Free State
67,municipality,FS205,municipality-FS205,Mafube,1396,53,12,41,823,258,565,349,68,281,171,41,130,Gauteng
68,municipality,GT421,municipality-GT421,Emfuleni,22778,541,205,336,17703,7485,10218,2403,841,1562,2131,817,1314,Gauteng
69,municipality,GT423,municipality-GT423,Lesedi,4021,176,65,111,2933,1085,1848,513,147,366,399,119,280,Gauteng
70,municipality,GT481,municipality-GT481,Mogale City,15985,518,199,319,11571,4855,6716,1886,676,1210,2010,758,1252,Gauteng
71,municipality,GT482,municipality-GT482,Randfontein,6063,196,75,121,4689,1942,2747,623,205,418,555,186,369,Gauteng
72,municipality,GT483,municipality-GT483,Westonaria,4609,112,28,84,3472,1114,2358,621,150,471,404,108,296,KwaZulu-Natal
73,municipality,KZN211,municipality-KZN211,Vulamehlo,885,16,10,6,619,306,313,167,45,122,83,34,49,KwaZulu-Natal
74,municipality,KZN212,municipality-KZN212,Umdoni,2296,65,28,37,1660,760,900,369,137,232,202,88,114,KwaZulu-Natal
75,municipality,KZN213,municipality-KZN213,Umzumbe,1686,18,6,12,1150,574,576,371,156,215,147,77,70,KwaZulu-Natal
76,municipality,KZN214,municipality-KZN214,UMuziwabantu,1752,39,12,27,1306,585,721,302,96,206,105,38,67,KwaZulu-Natal
77,municipality,KZN215,municipality-KZN215,Ezingoleni,784,23,10,13,529,245,284,124,51,73,108,52,56,KwaZulu-Natal
78,municipality,KZN221,municipality-KZN221,uMshwathi,3798,233,105,128,2460,1196,1264,796,326,470,309,137,172,KwaZulu-Natal
79,municipality,KZN222,municipality-KZN222,uMngeni,4213,138,51,87,3219,1447,1772,486,197,289,370,170,200,KwaZulu-Natal
80,municipality,KZN223,municipality-KZN223,Mpofana,1683,89,43,46,1067,485,582,411,139,272,116,36,80,KwaZulu-Natal
81,municipality,KZN224,municipality-KZN224,Impendle,342,21,5,16,258,115,143,46,19,27,17,8,9,KwaZulu-Natal
82,municipality,KZN225,municipality-KZN225,The Msunduzi,18982,524,223,301,14390,6807,7583,2308,921,1387,1760,902,858,KwaZulu-Natal
83,municipality,KZN226,municipality-KZN226,Mkhambathini,2190,91,31,60,1452,630,822,472,206,266,175,72,103,KwaZulu-Natal
84,municipality,KZN232,municipality-KZN232,Emnambithi/Ladysmith,5979,135,51,84,4575,2111,2464,844,350,494,425,196,229,KwaZulu-Natal
85,municipality,KZN233,municipality-KZN233,Indaka,700,7,1,6,591,328,263,81,36,45,21,9,12,KwaZulu-Natal
86,municipality,KZN234,municipality-KZN234,Umtshezi,1620,59,27,32,1216,543,673,256,103,153,89,38,51,KwaZulu-Natal
87,municipality,KZN235,municipality-KZN235,Okhahlamba,1909,48,23,25,1323,585,738,394,131,263,144,37,107,KwaZulu-Natal
88,municipality,KZN236,municipality-KZN236,Imbabazane,1611,52,17,35,1285,591,694,192,74,118,82,35,47,KwaZulu-Natal
89,municipality,KZN242,municipality-KZN242,Nqutu,1789,19,6,13,1227,630,597,214,86,128,329,201,128,KwaZulu-Natal
90,municipality,KZN244,municipality-KZN244,Msinga,1389,11,6,5,1165,659,506,152,81,71,61,28,33,KwaZulu-Natal
91,municipality,KZN245,municipality-KZN245,Umvoti,2779,96,52,44,1636,843,793,815,414,401,232,118,114,KwaZulu-Natal
92,municipality,KZN252,municipality-KZN252,Newcastle,7587,289,111,178,5633,2549,3084,1103,452,651,562,241,321,KwaZulu-Natal
93,municipality,KZN254,municipality-KZN254,Dannhauser,1542,59,28,31,961,442,519,336,125,211,186,37,149,KwaZulu-Natal
94,municipality,KZN261,municipality-KZN261,eDumbe,1698,46,18,28,1038,452,586,491,126,365,123,41,82,KwaZulu-Natal
95,municipality,KZN262,municipality-KZN262,UPhongolo,3097,251,116,135,1835,818,1017,772,311,461,239,119,120,KwaZulu-Natal
96,municipality,KZN263,municipality-KZN263,Abaqulusi,3863,78,38,40,2942,1358,1584,578,189,389,265,135,130,KwaZulu-Natal
97,municipality,KZN265,municipality-KZN265,Nongoma,2204,19,11,8,1831,1018,813,241,105,136,113,75,38,KwaZulu-Natal
98,municipality,KZN266,municipality-KZN266,Ulundi,2032,25,10,15,1574,832,742,257,122,135,176,98,78,KwaZulu-Natal
99,municipality,KZN272,municipality-KZN272,Jozini,2672,58,25,33,2103,1124,979,332,161,171,179,81,98,KwaZulu-Natal
100,municipality,KZN273,municipality-KZN273,The Big 5 False Bay,897,34,16,18,595,298,297,129,60,69,139,71,68,KwaZulu-Natal
101,municipality,KZN274,municipality-KZN274,Hlabisa,895,21,9,12,706,383,323,110,50,60,58,25,33,KwaZulu-Natal
102,municipality,KZN275,municipality-KZN275,Mtubatuba,3531,181,73,108,2331,1201,1130,632,278,354,387,225,162,KwaZulu-Natal
103,municipality,KZN281,municipality-KZN281,Mfolozi,2325,51,22,29,1745,735,1010,413,147,266,116,56,60,KwaZulu-Natal
104,municipality,KZN283,municipality-KZN283,Ntambanana,1054,21,11,10,857,433,424,134,48,86,42,18,24,KwaZulu-Natal
105,municipality,KZN284,municipality-KZN284,uMlalazi,3844,207,76,131,2764,1332,1432,531,233,298,342,158,184,KwaZulu-Natal
106,municipality,KZN285,municipality-KZN285,Mthonjaneni,1361,64,38,26,1091,549,542,134,56,78,72,37,35,KwaZulu-Natal
107,municipality,KZN286,municipality-KZN286,Nkandla,1077,23,11,12,918,498,420,111,54,57,25,15,10,KwaZulu-Natal
108,municipality,KZN291,municipality-KZN291,Mandeni,4864,88,40,48,3881,1785,2096,634,288,346,261,137,124,KwaZulu-Natal
109,municipality,KZN293,municipality-KZN293,Ndwedwe,1802,35,10,25,1145,562,583,534,175,359,88,45,43,KwaZulu-Natal
110,municipality,KZN294,municipality-KZN294,Maphumulo,1113,6,2,4,955,493,462,122,59,63,30,22,8,KwaZulu-Natal
111,municipality,KZN431,municipality-KZN431,Ingwe,1567,95,29,66,979,434,545,356,114,242,137,45,92,KwaZulu-Natal
112,municipality,KZN432,municipality-KZN432,Kwa Sani,902,116,26,90,570,226,344,132,38,94,84,34,50,KwaZulu-Natal
113,municipality,KZN434,municipality-KZN434,Ubuhlebezwe,1886,67,17,50,1404,619,785,323,119,204,92,39,53,KwaZulu-Natal
114,municipality,KZN435,municipality-KZN435,Umzimkhulu,2161,50,25,25,1655,847,808,302,112,190,154,77,77,Limpopo
115,municipality,LIM331,municipality-LIM331,Greater Giyani,2665,44,26,18,1942,944,998,416,141,275,263,91,172,Limpopo
116,municipality,LIM332,municipality-LIM332,Greater Letaba,4015,116,30,86,2372,856,1516,1185,350,835,342,84,258,Limpopo
117,municipality,LIM333,municipality-LIM333,Greater Tzaneen,7792,208,81,127,4879,1934,2945,1550,452,1098,1155,322,833,Limpopo
118,municipality,LIM335,municipality-LIM335,Maruleng,1529,38,8,30,930,410,520,362,119,243,199,49,150,Limpopo
119,municipality,LIM341,municipality-LIM341,Musina,4961,157,67,90,2874,1152,1722,1340,459,881,590,233,357,Limpopo
120,municipality,LIM342,municipality-LIM342,Mutale,965,5,2,3,589,234,355,193,49,144,178,22,156,Limpopo
121,municipality,LIM343,municipality-LIM343,Thulamela,7159,93,23,70,3958,1725,2233,1935,459,1476,1173,284,889,Limpopo
122,municipality,LIM344,municipality-LIM344,Makhado,8197,158,59,99,4665,1971,2694,1985,516,1469,1389,374,1015,Limpopo
123,municipality,LIM351,municipality-LIM351,Blouberg,2398,37,14,23,1142,473,669,732,249,483,487,145,342,Limpopo
124,municipality,LIM353,municipality-LIM353,Molemole,1943,23,6,17,990,403,587,444,142,302,486,129,357,Limpopo
125,municipality,LIM354,municipality-LIM354,Polokwane,17100,411,129,282,11988,4982,7006,2498,770,1728,2203,794,1409,Limpopo
126,municipality,LIM355,municipality-LIM355,Lepele-Nkumpi,2491,40,17,23,1675,728,947,499,154,345,277,120,157,Limpopo
127,municipality,LIM361,municipality-LIM361,Thabazimbi,4488,166,39,127,3105,934,2171,630,168,462,587,146,441,Limpopo
128,municipality,LIM362,municipality-LIM362,Lephalale,5736,105,36,69,3894,1189,2705,881,258,623,856,291,565,Limpopo
129,municipality,LIM365,municipality-LIM365,Modimolle,2867,91,29,62,1989,744,1245,463,130,333,324,100,224,Limpopo
130,municipality,LIM366,municipality-LIM366,Bela-Bela,2632,108,43,65,1590,617,973,544,166,378,390,102,288,Eastern Cape
131,municipality,BUF,municipality-BUF,Buffalo City,18708,471,214,257,13706,6692,7014,2462,1079,1383,2069,1048,1021,Eastern Cape
132,municipality,EC101,municipality-EC101,Camdeboo,1755,62,14,48,1159,446,713,407,99,308,127,77,50,Eastern Cape
133,municipality,EC105,municipality-EC105,Ndlambe,1698,56,17,39,1161,506,655,269,101,168,212,94,118,Eastern Cape
134,municipality,EC122,municipality-EC122,Mnquma,2706,33,12,21,1758,839,919,532,216,316,383,182,201,Eastern Cape
135,municipality,EC128,municipality-EC128,Nxuba,508,1,0,1,307,115,192,126,26,100,74,14,60,Eastern Cape
136,municipality,EC135,municipality-EC135,Intsika Yethu,1494,47,17,30,922,378,544,320,117,203,205,99,106,Eastern Cape
137,municipality,EC144,municipality-EC144,Gariep,1244,16,6,10,702,260,442,313,93,220,213,44,169,Eastern Cape
138,municipality,EC157,municipality-EC157,King Sabata Dalindyebo,8135,148,69,79,5417,2759,2658,1359,642,717,1211,758,453,Eastern Cape
139,municipality,NMA,municipality-NMA,Nelson Mandela Bay,30783,909,380,529,24428,11366,13062,3031,1171,1860,2415,1072,1343,Eastern Cape
140,municipality,FS164,municipality-FS164,Naledi,608,6,2,4,345,174,171,114,32,82,143,38,105,Free State
141,municipality,FS191,municipality-FS191,Setsoto,2447,88,30,58,1564,593,971,370,100,270,425,152,273,Free State
142,municipality,FS196,municipality-FS196,Mantsopa,1533,55,21,34,959,353,606,324,112,212,195,65,130,Free State
143,municipality,MAN,municipality-MAN,Mangaung,25022,839,340,499,17092,7455,9637,3648,1308,2340,3443,1304,2139,Free State
144,municipality,EKU,municipality-EKU,Ekurhuleni,134583,4019,1536,2483,106734,44122,62612,12625,4074,8551,11205,4536,6669,Gauteng
145,municipality,GT422,municipality-GT422,Midvaal,4866,197,78,119,3383,1356,2027,500,170,330,786,218,568,Gauteng
146,municipality,GT484,municipality-GT484,Merafong City,7062,135,38,97,5509,1956,3553,804,216,588,614,203,411,Gauteng
147,municipality,JHB,municipality-JHB,City of Johannesburg,209263,5582,2151,3431,164014,73876,90138,18599,6570,12029,21068,9450,11618,Gauteng
148,municipality,TSH,municipality-TSH,City of Tshwane,124168,3683,1532,2151,93810,42591,51219,13630,4909,8721,13045,5703,7342,Gauteng
149,municipality,ETH,municipality-ETH,eThekwini,139920,3894,1533,2361,113882,51726,62156,12146,4667,7479,9998,4881,5117,KwaZulu-Natal
150,municipality,KZN216,municipality-KZN216,Hibiscus Coast,8279,173,79,94,5980,2819,3161,1330,558,772,796,416,380,KwaZulu-Natal
151,municipality,KZN227,municipality-KZN227,Richmond,2222,90,36,54,1402,616,786,580,179,401,150,52,98,KwaZulu-Natal
152,municipality,KZN241,municipality-KZN241,Endumeni,2074,38,11,27,1577,630,947,228,63,165,231,94,137,KwaZulu-Natal
153,municipality,KZN253,municipality-KZN253,Emadlangeni,810,8,2,6,436,217,219,309,74,235,57,8,49,KwaZulu-Natal
154,municipality,KZN271,municipality-KZN271,Umhlabuyalingana,1702,43,23,20,1272,677,595,270,120,150,117,54,63,KwaZulu-Natal
155,municipality,KZN282,municipality-KZN282,uMhlathuze,11114,224,94,130,8613,3929,4684,1357,534,823,920,524,396,KwaZulu-Natal
156,municipality,KZN292,municipality-KZN292,KwaDukuza,11322,217,83,134,7589,3143,4446,2552,877,1675,964,447,517,KwaZulu-Natal
157,municipality,KZN433,municipality-KZN433,Greater Kokstad,2784,41,11,30,1927,846,1081,466,186,280,350,148,202,KwaZulu-Natal
158,municipality,LIM334,municipality-LIM334,Ba-Phalaborwa,3074,75,23,52,2270,912,1358,388,114,274,341,122,219,KwaZulu-Natal
159,municipality,LIM352,municipality-LIM352,Aganang,1101,30,8,22,685,314,371,231,67,164,155,50,105,Limpopo
160,municipality,LIM364,municipality-LIM364,Mookgopong,2009,77,27,50,889,345,544,601,196,405,442,124,318,Limpopo
161,municipality,LIM367,municipality-LIM367,Mogalakwena,4946,86,19,67,3473,1435,2038,861,236,625,526,186,340,Limpopo
162,municipality,LIM471,municipality-LIM471,Ephraim Mogale,2879,69,27,42,1922,733,1189,493,146,347,395,124,271,Limpopo
163,municipality,LIM472,municipality-LIM472,Elias Motsoaledi,4235,104,37,67,2768,1138,1630,857,283,574,506,166,340,Limpopo
164,municipality,LIM473,municipality-LIM473,Makhuduthamaga,1984,43,15,28,1362,651,711,425,107,318,154,54,100,Limpopo
165,municipality,LIM474,municipality-LIM474,Fetakgomo,746,8,0,8,524,219,305,156,37,119,58,19,39,Limpopo
166,municipality,LIM475,municipality-LIM475,Greater Tubatse,5414,130,43,87,3772,1388,2384,1032,278,754,480,145,335,Limpopo
167,municipality,MP301,municipality-MP301,Albert Luthuli,4141,145,41,104,2816,1197,1619,879,305,574,301,115,186,Limpopo
168,municipality,MP302,municipality-MP302,Msukaligwa,6126,152,45,107,4258,1666,2592,1173,339,834,543,171,372,Mpumalanga
169,municipality,MP304,municipality-MP304,Pixley Ka Seme,1801,21,9,12,1294,521,773,332,62,270,154,55,99,Mpumalanga
170,municipality,MP305,municipality-MP305,Lekwa,4358,115,36,79,3098,1144,1954,823,160,663,322,120,202,Mpumalanga
171,municipality,MP306,municipality-MP306,Dipaleseng,1365,13,5,8,1071,325,746,157,34,123,124,40,84,Mpumalanga
172,municipality,MP307,municipality-MP307,Govan Mbeki,13214,405,139,266,10367,3676,6691,1265,351,914,1177,380,797,Mpumalanga
173,municipality,MP312,municipality-MP312,Emalahleni,17431,430,122,308,13428,4852,8576,2030,517,1513,1543,468,1075,Mpumalanga
174,municipality,MP313,municipality-MP313,Steve Tshwete,11390,368,113,255,8365,3030,5335,1460,382,1078,1197,416,781,Mpumalanga
175,municipality,MP314,municipality-MP314,Emakhazeni,1831,39,18,21,1096,376,720,423,120,303,273,78,195,Mpumalanga
176,municipality,MP315,municipality-MP315,Thembisile,6235,145,43,102,3642,1602,2040,1594,517,1077,854,322,532,Mpumalanga
177,municipality,MP316,municipality-MP316,Dr JS Moroka,2946,60,13,47,1728,762,966,779,239,540,379,108,271,Mpumalanga
178,municipality,MP321,municipality-MP321,Thaba Chweu,4823,199,66,133,3282,1288,1994,714,190,524,628,181,447,Mpumalanga
179,municipality,MP323,municipality-MP323,Umjindi,2576,60,23,37,1611,689,922,495,158,337,410,119,291,Mpumalanga
180,municipality,MP324,municipality-MP324,Nkomazi,11591,279,66,213,7090,2982,4108,3273,941,2332,949,317,632,Mpumalanga
181,municipality,MP325,municipality-MP325,Bushbuckridge,6156,62,13,49,4089,1902,2187,1230,430,800,775,271,504,Mpumalanga
182,municipality,NW371,municipality-NW371,Moretele,3172,79,17,62,2072,817,1255,607,168,439,414,120,294,Mpumalanga
183,municipality,NW372,municipality-NW372,Madibeng,19738,581,178,403,13287,4356,8931,3221,840,2381,2649,725,1924,North West
184,municipality,NW374,municipality-NW374,Kgetlengrivier,2241,74,18,56,1137,368,769,643,139,504,387,70,317,North West
185,municipality,NW375,municipality-NW375,Moses Kotane,5238,67,16,51,3891,1383,2508,815,270,545,465,119,346,North West
186,municipality,NW381,municipality-NW381,Ratlou,1297,39,10,29,695,262,433,261,74,187,302,61,241,North West
187,municipality,NW382,municipality-NW382,Tswaing,2647,33,8,25,1525,480,1045,654,118,536,435,86,349,North West
188,municipality,NW383,municipality-NW383,Mafikeng,5812,100,26,74,3700,1695,2005,1211,374,837,801,276,525,North West
189,municipality,NW385,municipality-NW385,Ramotshere Moiloa,2616,59,15,44,1702,569,1133,421,88,333,434,116,318,North West
190,municipality,NW392,municipality-NW392,Naledi,2306,74,22,52,1253,494,759,453,138,315,526,115,411,North West
191,municipality,NW393,municipality-NW393,Mamusa,1430,51,14,37,824,317,507,312,50,262,243,67,176,North West
192,municipality,NW394,municipality-NW394,Greater Taung,1790,41,7,34,1183,531,652,357,82,275,209,55,154,North West
193,municipality,NW397,municipality-NW397,Kagisano/Molopo,2132,72,8,64,915,331,584,742,141,601,403,95,308,North West
194,municipality,NW401,municipality-NW401,Ventersdorp,1744,47,11,36,884,273,611,578,121,457,235,58,177,North West
195,municipality,NW402,municipality-NW402,Tlokwe City Council,6618,226,99,127,4296,1931,2365,1240,412,828,856,271,585,North West
196,municipality,NW403,municipality-NW403,City of Matlosana,12123,290,97,193,9072,3613,5459,1516,425,1091,1245,399,846,North West
197,municipality,NW404,municipality-NW404,Maquassi Hills,2098,62,15,47,1214,388,826,547,80,467,275,76,199,North West
198,municipality,NC061,municipality-NC061,Richtersveld,621,17,9,8,524,225,299,72,36,36,8,2,6,North West
199,municipality,NC064,municipality-NC064,Kamiesberg,265,0,0,0,215,84,131,38,12,26,12,4,8,Northern Cape
200,municipality,NC065,municipality-NC065,Hantam,928,25,10,15,587,227,360,190,47,143,126,41,85,Northern Cape
201,municipality,NC066,municipality-NC066,Karoo Hoogland,470,10,5,5,332,100,232,103,35,68,25,14,11,Northern Cape
202,municipality,NC067,municipality-NC067,Khâi-Ma,994,5,3,2,809,337,472,130,50,80,50,21,29,Northern Cape
203,municipality,NC072,municipality-NC072,Umsobomvu,841,30,14,16,568,232,336,158,43,115,85,31,54,Northern Cape
204,municipality,NC073,municipality-NC073,Emthanjeni,1265,23,8,15,785,334,451,299,95,204,158,75,83,Northern Cape
205,municipality,NC074,municipality-NC074,Kareeberg,407,19,7,12,266,107,159,86,16,70,36,13,23,Northern Cape
206,municipality,NC075,municipality-NC075,Renosterberg,453,6,1,5,264,122,142,170,61,109,13,5,8,Northern Cape
207,municipality,NC076,municipality-NC076,Thembelihle,638,34,13,21,438,160,278,130,38,92,36,18,18,Northern Cape
208,municipality,NC078,municipality-NC078,Siyancuma,1166,66,10,56,665,233,432,251,58,193,184,50,134,Northern Cape
209,municipality,NC081,municipality-NC081,Mier,257,0,0,0,188,79,109,56,16,40,13,6,7,Northern Cape
210,municipality,NC082,municipality-NC082,Kai !Garib,8025,158,81,77,5726,2495,3231,1293,454,839,848,348,500,Northern Cape
211,municipality,NC083,municipality-NC083,//Khara Hais,3459,94,39,55,2423,1033,1390,672,235,437,270,93,177,Northern Cape
212,municipality,NC084,municipality-NC084,!Kheis,639,6,0,6,495,180,315,123,33,90,15,5,10,Northern Cape
213,municipality,NC086,municipality-NC086,Kgatelopele,750,20,6,14,600,178,422,75,22,53,55,23,32,Northern Cape
214,municipality,NC091,municipality-NC091,Sol Plaatjie,7197,117,63,54,5379,2537,2842,923,287,636,778,340,438,Northern Cape
215,municipality,NC092,municipality-NC092,Dikgatlong,970,52,8,44,644,218,426,171,47,124,103,19,84,Northern Cape
216,municipality,NC093,municipality-NC093,Magareng,420,11,4,7,333,127,206,43,13,30,33,10,23,Northern Cape
217,municipality,NC451,municipality-NC451,Joe Morolong,980,32,12,20,610,242,368,180,41,139,158,41,117,Northern Cape
218,municipality,NC452,municipality-NC452,Ga-Segonyana,2064,81,19,62,1531,557,974,212,59,153,240,83,157,Northern Cape
219,municipality,NC453,municipality-NC453,Gamagara,2439,64,20,44,1983,628,1355,255,57,198,137,59,78,Northern Cape
220,municipality,CPT,municipality-CPT,City of Cape Town,165247,4216,1837,2379,133883,63821,70062,16494,6532,9962,10654,4791,5863,Northern Cape
221,municipality,WC011,municipality-WC011,Matzikama,3895,27,17,10,3282,1358,1924,515,179,336,71,46,25,Western Cape
222,municipality,WC013,municipality-WC013,Bergrivier,4175,62,18,44,3655,1715,1940,312,127,185,146,73,73,Western Cape
223,municipality,WC014,municipality-WC014,Saldanha Bay,5227,161,69,92,4318,2043,2275,492,185,307,256,96,160,Western Cape
224,municipality,WC015,municipality-WC015,Swartland,6765,140,55,85,5826,2475,3351,565,214,351,234,125,109,Western Cape
225,municipality,WC022,municipality-WC022,Witzenberg,9654,97,35,62,8165,3390,4775,1168,491,677,224,95,129,Western Cape
226,municipality,WC023,municipality-WC023,Drakenstein,13138,215,101,114,10628,4909,5719,1744,772,972,551,214,337,Western Cape
227,municipality,WC025,municipality-WC025,Breede Valley,9512,206,124,82,7166,3595,3571,1850,856,994,290,126,164,Western Cape
228,municipality,WC026,municipality-WC026,Langeberg,6305,92,43,49,3762,1614,2148,2226,952,1274,225,84,141,Western Cape
229,municipality,WC031,municipality-WC031,Theewaterskloof,6566,181,72,109,5075,2161,2914,1174,401,773,136,46,90,Western Cape
230,municipality,WC032,municipality-WC032,Overstrand,3589,101,43,58,2530,1253,1277,634,217,417,324,132,192,Western Cape
231,municipality,WC034,municipality-WC034,Swellendam,2032,61,13,48,1609,595,1014,278,87,191,84,42,42,Western Cape
232,municipality,WC041,municipality-WC041,Kannaland,1131,57,26,31,664,252,412,365,130,235,45,16,29,Western Cape
233,municipality,WC042,municipality-WC042,Hessequa,2472,146,49,97,1574,654,920,583,189,394,169,89,80,Western Cape
234,municipality,WC043,municipality-WC043,Mossel Bay,3555,191,86,105,2606,1234,1372,575,229,346,183,74,109,Western Cape
